1, 1359.1
2, 3228.2
3, 5946.4
4, 7815.5
5, 11893
6, 15008
7, 17500
8, 21351
9, 25203
10, 29393
11, 32395
12, 36869
13, 41570
14, 43949
15, 49895
16, 54370
17, 58221
18, 63092
19, 67679
20, 71531
21, 75156
22, 80479
23, 85803
24, 90787
25, 95997
26, 99509
27, 1.0557e+05
28, 1.1067e+05
29, 1.165e+05
30, 1.2171e+05
31, 1.2533e+05
32, 1.3106e+05
33, 1.3678e+05
34, 1.4295e+05
35, 1.4793e+05
36, 1.5269e+05
37, 1.579e+05
38, 1.6102e+05
39, 1.6821e+05
40, 1.7291e+05
41, 1.7999e+05
42, 1.8412e+05
43, 1.8984e+05
44, 1.9494e+05
45, 2.0174e+05
46, 2.07e+05
47, 2.1244e+05
48, 2.1816e+05
49, 2.24e+05
50, 2.2824e+05
51, 2.3425e+05
52, 2.4065e+05
53, 2.4552e+05
54, 2.5152e+05
55, 2.5684e+05
56, 2.633e+05
57, 2.6976e+05
58, 2.7457e+05
59, 2.7961e+05
60, 2.8681e+05
61, 2.9332e+05
62, 2.9825e+05
63, 3.0334e+05
64, 3.1031e+05
65, 3.1586e+05
66, 3.2277e+05
67, 3.2815e+05
68, 3.35e+05
69, 3.4038e+05
70, 3.4661e+05
71, 3.5216e+05
72, 3.5743e+05
73, 3.6327e+05
74, 3.7034e+05
75, 3.7646e+05
76, 3.8365e+05
77, 3.8864e+05
78, 3.9413e+05
79, 4.0127e+05
80, 4.0557e+05
81, 4.1141e+05
82, 4.203e+05
83, 4.2557e+05
84, 4.3078e+05
85, 4.3922e+05
86, 4.4539e+05
87, 4.506e+05
88, 4.5791e+05
89, 4.6317e+05
90, 4.7042e+05
91, 4.7744e+05
92, 4.83e+05
93, 4.8996e+05
94, 4.9398e+05
95, 5.018e+05
96, 5.0848e+05
97, 5.1392e+05
98, 5.1981e+05
99, 5.2632e+05
100, 5.3374e+05
101, 5.3884e+05
102, 5.4615e+05
103, 5.5339e+05
104, 5.607e+05
105, 5.6693e+05
106, 5.7356e+05
107, 5.7933e+05
108, 5.8483e+05
109, 5.9157e+05
110, 5.9752e+05
111, 6.0595e+05
112, 6.1111e+05
113, 6.1824e+05
114, 6.2453e+05
115, 6.3099e+05
116, 6.366e+05
117, 6.443e+05
118, 6.4917e+05
119, 6.58e+05
120, 6.6395e+05
121, 6.7063e+05
122, 6.7664e+05
123, 6.8451e+05
124, 6.9278e+05
125, 6.9589e+05
126, 7.0518e+05
127, 7.0932e+05
128, 7.1781e+05
129, 7.2421e+05
130, 7.2897e+05
131, 7.3679e+05
132, 7.4387e+05
133, 7.5021e+05
134, 7.5684e+05
135, 7.6284e+05
136, 7.7156e+05
137, 7.7723e+05
138, 7.8504e+05
139, 7.9127e+05
140, 7.9801e+05
141, 8.0543e+05
142, 8.1274e+05
143, 8.1772e+05
144, 8.2621e+05
145, 8.3188e+05
146, 8.3975e+05
147, 8.4661e+05
148, 8.521e+05
149, 8.5923e+05
150, 8.6575e+05
151, 8.7356e+05
152, 8.8149e+05
153, 8.8857e+05
154, 8.9418e+05
155, 9.0058e+05
156, 9.0755e+05
157, 9.1389e+05
158, 9.2205e+05
159, 9.2907e+05
160, 9.3598e+05
161, 9.4187e+05
162, 9.507e+05
163, 9.5552e+05
164, 9.6243e+05
165, 9.7132e+05
166, 9.7693e+05
167, 9.8123e+05
168, 9.9227e+05
169, 9.9584e+05
170, 1.0059e+06
171, 1.0112e+06
172, 1.0198e+06
173, 1.0268e+06
174, 1.0311e+06
175, 1.0395e+06
176, 1.0457e+06
177, 1.0536e+06
178, 1.0591e+06
179, 1.0661e+06
180, 1.0747e+06
181, 1.0811e+06
182, 1.0904e+06
183, 1.0955e+06
184, 1.1022e+06
185, 1.1106e+06
186, 1.1184e+06
187, 1.1244e+06
188, 1.1316e+06
189, 1.1394e+06
190, 1.1455e+06
191, 1.1534e+06
192, 1.1605e+06
193, 1.169e+06
194, 1.1736e+06
195, 1.1818e+06
196, 1.1892e+06
197, 1.1962e+06
198, 1.2034e+06
199, 1.2102e+06
200, 1.2175e+06
201, 1.224e+06
202, 1.2322e+06
203, 1.2397e+06
204, 1.2487e+06
205, 1.2537e+06
206, 1.2611e+06
207, 1.2678e+06
208, 1.2759e+06
209, 1.2803e+06
210, 1.2889e+06
211, 1.2976e+06
212, 1.3037e+06
213, 1.3104e+06
214, 1.319e+06
215, 1.3254e+06
216, 1.3345e+06
217, 1.3405e+06
218, 1.3473e+06
219, 1.3554e+06
220, 1.3618e+06
221, 1.3693e+06
222, 1.377e+06
223, 1.3849e+06
224, 1.3919e+06
225, 1.4002e+06
226, 1.4056e+06
227, 1.4148e+06
228, 1.4201e+06
229, 1.4274e+06
230, 1.4325e+06
231, 1.442e+06
232, 1.4489e+06
233, 1.4559e+06
234, 1.4647e+06
235, 1.4719e+06
236, 1.4812e+06
237, 1.4881e+06
238, 1.4946e+06
239, 1.5014e+06
240, 1.5077e+06
241, 1.5165e+06
242, 1.5243e+06
243, 1.5317e+06
244, 1.5374e+06
245, 1.5442e+06
246, 1.5532e+06
247, 1.5615e+06
248, 1.5671e+06
249, 1.5768e+06
250, 1.5821e+06
251, 1.59e+06
252, 1.597e+06
253, 1.6034e+06
254, 1.613e+06
255, 1.6199e+06
256, 1.6267e+06
257, 1.6332e+06
258, 1.6411e+06
259, 1.6517e+06
260, 1.6565e+06
261, 1.6655e+06
262, 1.6729e+06
263, 1.679e+06
264, 1.6882e+06
265, 1.6936e+06
266, 1.7018e+06
267, 1.7092e+06
268, 1.7171e+06
269, 1.7258e+06
270, 1.7322e+06
271, 1.7384e+06
272, 1.7472e+06
273, 1.7546e+06
274, 1.7616e+06
275, 1.7714e+06
276, 1.7776e+06
277, 1.7866e+06
278, 1.7916e+06
279, 1.7991e+06
280, 1.8081e+06
281, 1.8159e+06
282, 1.8219e+06
283, 1.8286e+06
284, 1.838e+06
285, 1.8465e+06
286, 1.8541e+06
287, 1.8622e+06
288, 1.8657e+06
289, 1.8729e+06
290, 1.8811e+06
291, 1.8903e+06
292, 1.8958e+06
293, 1.9074e+06
294, 1.9128e+06
295, 1.9216e+06
296, 1.9292e+06
297, 1.9384e+06
298, 1.9411e+06
299, 1.9519e+06
300, 1.9589e+06
301, 1.9663e+06
302, 1.974e+06
303, 1.9838e+06
304, 1.9888e+06
305, 1.9961e+06
306, 2.0028e+06
307, 2.0119e+06
308, 2.0209e+06
309, 2.0272e+06
310, 2.0358e+06
311, 2.0439e+06
312, 2.0503e+06
313, 2.0588e+06
314, 2.0661e+06
315, 2.0736e+06
316, 2.0799e+06
317, 2.0883e+06
318, 2.0985e+06
319, 2.1034e+06
320, 2.1124e+06
321, 2.1206e+06
322, 2.1272e+06
323, 2.1329e+06
324, 2.1435e+06
325, 2.1509e+06
326, 2.1574e+06
327, 2.165e+06
328, 2.1741e+06
329, 2.1819e+06
330, 2.1866e+06
331, 2.2006e+06
332, 2.2039e+06
333, 2.2113e+06
334, 2.2214e+06
335, 2.2241e+06
336, 2.2411e+06
337, 2.2461e+06
338, 2.252e+06
339, 2.2608e+06
340, 2.266e+06
341, 2.2752e+06
342, 2.2816e+06
343, 2.2893e+06
344, 2.3004e+06
345, 2.308e+06
346, 2.3133e+06
347, 2.3189e+06
348, 2.3275e+06
349, 2.3361e+06
350, 2.3456e+06
351, 2.352e+06
352, 2.3577e+06
353, 2.3656e+06
354, 2.3744e+06
355, 2.3851e+06
356, 2.3917e+06
357, 2.4001e+06
358, 2.4034e+06
359, 2.4123e+06
360, 2.4203e+06
361, 2.4283e+06
362, 2.4366e+06
363, 2.4441e+06
364, 2.4538e+06
365, 2.4607e+06
366, 2.4711e+06
367, 2.4772e+06
368, 2.486e+06
369, 2.4923e+06
370, 2.5049e+06
371, 2.5106e+06
372, 2.5132e+06
373, 2.5228e+06
374, 2.5334e+06
375, 2.541e+06
376, 2.5488e+06
377, 2.5581e+06
378, 2.5634e+06
379, 2.5708e+06
380, 2.5835e+06
381, 2.588e+06
382, 2.5957e+06
383, 2.6041e+06
384, 2.6102e+06
385, 2.6216e+06
386, 2.6289e+06
387, 2.6358e+06
388, 2.6506e+06
389, 2.6529e+06
390, 2.6588e+06
391, 2.6658e+06
392, 2.6708e+06
393, 2.6831e+06
394, 2.6912e+06
395, 2.6975e+06
396, 2.7041e+06
397, 2.7159e+06
398, 2.7215e+06
399, 2.7275e+06
400, 2.7355e+06
401, 2.7462e+06
402, 2.7536e+06
403, 2.7632e+06
404, 2.7691e+06
405, 2.7744e+06
406, 2.7821e+06
407, 2.7914e+06
408, 2.7997e+06
409, 2.8142e+06
410, 2.8203e+06
411, 2.8247e+06
412, 2.8328e+06
413, 2.841e+06
414, 2.8503e+06
415, 2.8556e+06
416, 2.8682e+06
417, 2.8703e+06
418, 2.8803e+06
419, 2.888e+06
420, 2.8965e+06
421, 2.9035e+06
422, 2.9128e+06
423, 2.9185e+06
424, 2.9282e+06
425, 2.9366e+06
426, 2.9451e+06
427, 2.9544e+06
428, 2.9591e+06
429, 2.9686e+06
430, 2.9758e+06
431, 2.9845e+06
432, 2.9918e+06
433, 3.0015e+06
434, 3.0082e+06
435, 3.0144e+06
436, 3.0237e+06
437, 3.0336e+06
438, 3.0392e+06
439, 3.0474e+06
440, 3.0605e+06
441, 3.0653e+06
442, 3.074e+06
443, 3.0853e+06
444, 3.0906e+06
445, 3.0972e+06
446, 3.1051e+06
447, 3.1163e+06
448, 3.1229e+06
449, 3.129e+06
450, 3.1361e+06
451, 3.1561e+06
452, 3.1528e+06
453, 3.1625e+06
454, 3.1663e+06
455, 3.179e+06
456, 3.1869e+06
457, 3.1917e+06
458, 3.2008e+06
459, 3.2127e+06
460, 3.214e+06
461, 3.2318e+06
462, 3.234e+06
463, 3.2423e+06
464, 3.2527e+06
465, 3.2587e+06
466, 3.2672e+06
467, 3.2721e+06
468, 3.2831e+06
469, 3.2891e+06
470, 3.2976e+06
471, 3.3066e+06
472, 3.3182e+06
473, 3.3232e+06
474, 3.3317e+06
475, 3.3427e+06
476, 3.348e+06
477, 3.3595e+06
478, 3.3645e+06
479, 3.3711e+06
480, 3.3783e+06
481, 3.3958e+06
482, 3.3932e+06
483, 3.4024e+06
484, 3.4205e+06
485, 3.4169e+06
486, 3.4307e+06
487, 3.4402e+06
488, 3.4477e+06
489, 3.4564e+06
490, 3.4644e+06
491, 3.4695e+06
492, 3.4781e+06
493, 3.4838e+06
494, 3.4926e+06
495, 3.5084e+06
496, 3.513e+06
497, 3.5198e+06
498, 3.5288e+06
499, 3.535e+06
500, 3.5412e+06
501, 3.5493e+06
502, 3.5608e+06
503, 3.5675e+06
504, 3.5777e+06
505, 3.5826e+06
506, 3.5922e+06
507, 3.6025e+06
508, 3.6072e+06
509, 3.6167e+06
510, 3.6249e+06
511, 3.6365e+06
