1, 547.95
2, 1426.5
3, 2522.4
4, 3386.6
5, 5126.9
6, 6505.2
7, 7716.8
8, 9425.8
9, 11152
10, 12795
11, 14224
12, 16329
13, 18255
14, 19354
15, 21989
16, 23933
17, 25627
18, 27949
19, 29861
20, 31669
21, 33428
22, 35637
23, 37846
24, 40185
25, 42458
26, 44252
27, 46774
28, 48918
29, 51440
30, 53731
31, 55703
32, 58227
33, 59958
34, 62910
35, 65136
36, 67296
37, 70031
38, 71496
39, 74699
40, 76526
41, 79710
42, 81851
43, 84260
44, 86650
45, 89307
46, 91697
47, 94335
48, 96908
49, 99464
50, 1.0141e+05
51, 1.0465e+05
52, 1.0684e+05
53, 1.0911e+05
54, 1.1147e+05
55, 1.1428e+05
56, 1.1766e+05
57, 1.2e+05
58, 1.2172e+05
59, 1.2458e+05
60, 1.2822e+05
61, 1.3e+05
62, 1.3274e+05
63, 1.3508e+05
64, 1.38e+05
65, 1.4034e+05
66, 1.4358e+05
67, 1.4569e+05
68, 1.4899e+05
69, 1.515e+05
70, 1.545e+05
71, 1.5657e+05
72, 1.5935e+05
73, 1.6189e+05
74, 1.6582e+05
75, 1.6797e+05
76, 1.7074e+05
77, 1.7323e+05
78, 1.7631e+05
79, 1.8e+05
80, 1.8103e+05
81, 1.8349e+05
82, 1.8699e+05
83, 1.8975e+05
84, 1.9196e+05
85, 1.9538e+05
86, 1.9878e+05
87, 2.0115e+05
88, 2.0411e+05
89, 2.0597e+05
90, 2.0987e+05
91, 2.1231e+05
92, 2.1533e+05
93, 2.1814e+05
94, 2.2104e+05
95, 2.2432e+05
96, 2.2685e+05
97, 2.2888e+05
98, 2.3184e+05
99, 2.3407e+05
100, 2.383e+05
101, 2.4047e+05
102, 2.4346e+05
103, 2.4599e+05
104, 2.5001e+05
105, 2.5257e+05
106, 2.552e+05
107, 2.5835e+05
108, 2.6063e+05
109, 2.6424e+05
110, 2.6654e+05
111, 2.7045e+05
112, 2.7321e+05
113, 2.7565e+05
114, 2.7896e+05
115, 2.8192e+05
116, 2.847e+05
117, 2.8803e+05
118, 2.9014e+05
119, 2.9313e+05
120, 2.9681e+05
121, 2.9964e+05
122, 3.0217e+05
123, 3.0504e+05
124, 3.0846e+05
125, 3.1074e+05
126, 3.1414e+05
127, 3.1716e+05
128, 3.2025e+05
129, 3.23e+05
130, 3.2613e+05
131, 3.2911e+05
132, 3.3174e+05
133, 3.3499e+05
134, 3.3803e+05
135, 3.411e+05
136, 3.4391e+05
137, 3.4735e+05
138, 3.5015e+05
139, 3.534e+05
140, 3.5623e+05
141, 3.5948e+05
142, 3.6248e+05
143, 3.6571e+05
144, 3.681e+05
145, 3.712e+05
146, 3.7524e+05
147, 3.7791e+05
148, 3.8091e+05
149, 3.834e+05
150, 3.8721e+05
151, 3.9056e+05
152, 3.9335e+05
153, 3.9634e+05
154, 3.9957e+05
155, 4.0266e+05
156, 4.0609e+05
157, 4.0849e+05
158, 4.1128e+05
159, 4.1539e+05
160, 4.1805e+05
161, 4.2111e+05
162, 4.2466e+05
163, 4.279e+05
164, 4.3063e+05
165, 4.3359e+05
166, 4.3587e+05
167, 4.3957e+05
168, 4.4286e+05
169, 4.4502e+05
170, 4.4915e+05
171, 4.5259e+05
172, 4.5547e+05
173, 4.5876e+05
174, 4.6376e+05
175, 4.6493e+05
176, 4.6847e+05
177, 4.7114e+05
178, 4.7455e+05
179, 4.7673e+05
180, 4.8158e+05
181, 4.8417e+05
182, 4.8664e+05
183, 4.8991e+05
184, 4.9313e+05
185, 4.9739e+05
186, 4.9853e+05
187, 5.027e+05
188, 5.0558e+05
189, 5.1005e+05
190, 5.1233e+05
191, 5.1566e+05
192, 5.1928e+05
193, 5.2243e+05
194, 5.2486e+05
195, 5.289e+05
196, 5.3165e+05
197, 5.3484e+05
198, 5.3927e+05
199, 5.4156e+05
200, 5.4465e+05
201, 5.4776e+05
202, 5.5159e+05
203, 5.5454e+05
204, 5.5778e+05
205, 5.6095e+05
206, 5.6426e+05
207, 5.6756e+05
208, 5.7002e+05
209, 5.7319e+05
210, 5.775e+05
211, 5.8058e+05
212, 5.8332e+05
213, 5.8654e+05
214, 5.9027e+05
215, 5.9293e+05
216, 5.9687e+05
217, 5.9999e+05
218, 6.0309e+05
219, 6.066e+05
220, 6.0904e+05
221, 6.1183e+05
222, 6.166e+05
223, 6.1992e+05
224, 6.2204e+05
225, 6.2627e+05
226, 6.2927e+05
227, 6.3261e+05
228, 6.357e+05
229, 6.3884e+05
230, 6.4149e+05
231, 6.4538e+05
232, 6.4845e+05
233, 6.5156e+05
234, 6.5471e+05
235, 6.5819e+05
236, 6.6245e+05
237, 6.6534e+05
238, 6.6845e+05
239, 6.7211e+05
240, 6.7527e+05
241, 6.7787e+05
242, 6.8406e+05
243, 6.848e+05
244, 6.8854e+05
245, 6.9109e+05
246, 6.9581e+05
247, 6.9932e+05
248, 7.0168e+05
249, 7.0599e+05
250, 7.0891e+05
251, 7.1183e+05
252, 7.1539e+05
253, 7.1807e+05
254, 7.2157e+05
255, 7.2531e+05
256, 7.2927e+05
257, 7.3233e+05
258, 7.3545e+05
259, 7.3892e+05
260, 7.4222e+05
261, 7.4484e+05
262, 7.4891e+05
263, 7.5185e+05
264, 7.5568e+05
265, 7.5837e+05
266, 7.6185e+05
267, 7.6583e+05
268, 7.68e+05
269, 7.7313e+05
270, 7.7598e+05
271, 7.7785e+05
272, 7.835e+05
273, 7.8562e+05
274, 7.8891e+05
275, 7.9243e+05
276, 7.9486e+05
277, 7.998e+05
278, 8.0234e+05
279, 8.0558e+05
280, 8.0882e+05
281, 8.1235e+05
282, 8.1599e+05
283, 8.1938e+05
284, 8.2296e+05
285, 8.2675e+05
286, 8.2918e+05
287, 8.3317e+05
288, 8.3739e+05
289, 8.3958e+05
290, 8.4264e+05
291, 8.4654e+05
292, 8.522e+05
293, 8.5514e+05
294, 8.5685e+05
295, 8.6108e+05
296, 8.6471e+05
297, 8.674e+05
298, 8.7021e+05
299, 8.7364e+05
300, 8.81e+05
301, 8.7989e+05
302, 8.8449e+05
303, 8.8695e+05
304, 8.913e+05
305, 8.9429e+05
306, 8.9708e+05
307, 9.0293e+05
308, 9.0358e+05
309, 9.1137e+05
310, 9.1299e+05
311, 9.1441e+05
312, 9.1858e+05
313, 9.2272e+05
314, 9.2545e+05
315, 9.3013e+05
316, 9.3234e+05
317, 9.362e+05
318, 9.4033e+05
319, 9.4183e+05
320, 9.466e+05
321, 9.4978e+05
322, 9.5207e+05
323, 9.5701e+05
324, 9.6074e+05
325, 9.637e+05
326, 9.6635e+05
327, 9.727e+05
328, 9.7421e+05
329, 9.7721e+05
330, 9.826e+05
331, 9.8378e+05
332, 9.8648e+05
333, 9.9042e+05
334, 9.9571e+05
335, 9.9746e+05
336, 1.0038e+06
337, 1.0053e+06
338, 1.0082e+06
339, 1.0116e+06
340, 1.0155e+06
341, 1.0182e+06
342, 1.0233e+06
343, 1.0259e+06
344, 1.0292e+06
345, 1.0322e+06
346, 1.0381e+06
347, 1.0407e+06
348, 1.0443e+06
349, 1.047e+06
350, 1.0494e+06
351, 1.0578e+06
352, 1.0577e+06
353, 1.0608e+06
354, 1.0636e+06
355, 1.0679e+06
356, 1.0709e+06
357, 1.0756e+06
358, 1.0785e+06
359, 1.0811e+06
360, 1.0844e+06
361, 1.088e+06
362, 1.0937e+06
363, 1.0956e+06
364, 1.1007e+06
365, 1.1035e+06
366, 1.1062e+06
367, 1.11e+06
368, 1.1143e+06
369, 1.116e+06
370, 1.1223e+06
371, 1.1246e+06
372, 1.1296e+06
373, 1.1304e+06
374, 1.1381e+06
375, 1.1396e+06
376, 1.1417e+06
377, 1.1439e+06
378, 1.1487e+06
379, 1.1522e+06
380, 1.1555e+06
381, 1.1592e+06
382, 1.1626e+06
383, 1.1657e+06
384, 1.1685e+06
385, 1.1745e+06
386, 1.1755e+06
387, 1.1807e+06
388, 1.1865e+06
389, 1.1895e+06
390, 1.1933e+06
391, 1.1944e+06
392, 1.1965e+06
393, 1.2017e+06
394, 1.2056e+06
395, 1.209e+06
396, 1.2138e+06
397, 1.2179e+06
398, 1.2199e+06
399, 1.2236e+06
400, 1.2278e+06
401, 1.2288e+06
402, 1.2343e+06
403, 1.2369e+06
404, 1.2423e+06
405, 1.2457e+06
406, 1.2495e+06
407, 1.2509e+06
408, 1.2559e+06
409, 1.2599e+06
410, 1.2641e+06
411, 1.2662e+06
412, 1.2685e+06
413, 1.2727e+06
414, 1.2751e+06
415, 1.2798e+06
416, 1.2821e+06
417, 1.2873e+06
418, 1.2912e+06
419, 1.2947e+06
420, 1.2992e+06
421, 1.3009e+06
422, 1.3043e+06
423, 1.31e+06
424, 1.3109e+06
425, 1.3161e+06
426, 1.321e+06
427, 1.3231e+06
428, 1.3261e+06
429, 1.3328e+06
430, 1.3329e+06
431, 1.3369e+06
432, 1.3416e+06
433, 1.3447e+06
434, 1.3527e+06
435, 1.3542e+06
436, 1.3544e+06
437, 1.3611e+06
438, 1.3633e+06
439, 1.3676e+06
440, 1.3697e+06
441, 1.375e+06
442, 1.3765e+06
443, 1.38e+06
444, 1.386e+06
445, 1.3872e+06
446, 1.3928e+06
447, 1.395e+06
448, 1.3996e+06
449, 1.4009e+06
450, 1.4075e+06
451, 1.4115e+06
452, 1.4128e+06
453, 1.4167e+06
454, 1.4207e+06
455, 1.4271e+06
456, 1.426e+06
457, 1.4315e+06
458, 1.4361e+06
459, 1.4403e+06
460, 1.4414e+06
461, 1.4479e+06
462, 1.4507e+06
463, 1.453e+06
464, 1.456e+06
465, 1.4604e+06
466, 1.4623e+06
467, 1.4671e+06
468, 1.4697e+06
469, 1.4747e+06
470, 1.4781e+06
471, 1.4836e+06
472, 1.4872e+06
473, 1.4885e+06
474, 1.4953e+06
475, 1.4964e+06
476, 1.5023e+06
477, 1.5052e+06
478, 1.5076e+06
479, 1.5117e+06
480, 1.5133e+06
481, 1.5183e+06
482, 1.5243e+06
483, 1.5245e+06
484, 1.5284e+06
485, 1.533e+06
486, 1.5356e+06
487, 1.5423e+06
488, 1.5454e+06
489, 1.5485e+06
490, 1.5528e+06
491, 1.5551e+06
492, 1.5584e+06
493, 1.5638e+06
494, 1.5694e+06
495, 1.5724e+06
496, 1.5751e+06
497, 1.5769e+06
498, 1.581e+06
499, 1.5846e+06
500, 1.5874e+06
501, 1.5923e+06
502, 1.5966e+06
503, 1.5994e+06
504, 1.6034e+06
505, 1.6061e+06
506, 1.6124e+06
507, 1.6148e+06
508, 1.6165e+06
509, 1.621e+06
510, 1.6254e+06
511, 1.6294e+06
