1, 2095.2
2, 4813.4
3, 6795.5
4, 8551.6
5, 13478
6, 17555
7, 20048
8, 23163
9, 28202
10, 34149
11, 38226
12, 42077
13, 50684
14, 55271
15, 58613
16, 63710
17, 70618
18, 71922
19, 83983
20, 86476
21, 92535
22, 96047
23, 1.038e+05
24, 1.1303e+05
25, 1.1791e+05
26, 1.2346e+05
27, 1.2963e+05
28, 1.3093e+05
29, 1.4713e+05
30, 1.4464e+05
31, 1.5551e+05
32, 1.5608e+05
33, 1.6191e+05
34, 1.7737e+05
35, 1.8196e+05
36, 1.8768e+05
37, 1.9458e+05
38, 2.0381e+05
39, 2.0342e+05
40, 2.1525e+05
41, 2.2522e+05
42, 2.2822e+05
43, 2.3581e+05
44, 2.3955e+05
45, 2.4731e+05
46, 2.5948e+05
47, 2.6792e+05
48, 2.7104e+05
49, 2.7834e+05
50, 2.8468e+05
51, 2.9397e+05
52, 2.9584e+05
53, 3.1345e+05
54, 3.1351e+05
55, 3.3044e+05
56, 3.3554e+05
57, 3.348e+05
58, 3.4358e+05
59, 3.5796e+05
60, 3.6114e+05
61, 3.6465e+05
62, 3.732e+05
63, 3.8232e+05
64, 3.9619e+05
65, 4.0021e+05
66, 4.0837e+05
67, 4.1748e+05
68, 4.1749e+05
69, 4.2377e+05
70, 4.364e+05
71, 4.4937e+05
72, 4.5124e+05
73, 4.4926e+05
74, 4.6857e+05
75, 4.8431e+05
76, 4.8097e+05
77, 4.9507e+05
78, 5.0566e+05
79, 5.0815e+05
80, 5.2333e+05
81, 5.244e+05
82, 5.2905e+05
83, 5.3754e+05
84, 5.4689e+05
85, 5.6195e+05
86, 5.7061e+05
87, 5.645e+05
88, 5.8556e+05
89, 5.9202e+05
90, 6.0227e+05
91, 6.0369e+05
92, 6.0652e+05
93, 6.1643e+05
94, 6.2838e+05
95, 6.3546e+05
96, 6.5001e+05
97, 6.5381e+05
98, 6.6366e+05
99, 6.7357e+05
100, 6.8371e+05
101, 6.8626e+05
102, 6.9905e+05
103, 7.0375e+05
104, 7.0817e+05
105, 7.0897e+05
106, 7.2482e+05
107, 7.3428e+05
108, 7.5444e+05
109, 7.6027e+05
110, 7.6124e+05
111, 7.755e+05
112, 7.72e+05
113, 7.8162e+05
114, 8.0558e+05
115, 8.036e+05
116, 8.2024e+05
117, 8.3321e+05
118, 8.3406e+05
119, 8.3525e+05
120, 8.4318e+05
121, 8.5768e+05
122, 8.7053e+05
123, 8.7416e+05
124, 8.7761e+05
125, 8.9426e+05
126, 8.9347e+05
127, 9.061e+05
128, 9.0831e+05
129, 9.3503e+05
130, 9.3583e+05
131, 9.4008e+05
132, 9.5254e+05
133, 9.6924e+05
134, 9.7298e+05
135, 9.8572e+05
136, 9.8646e+05
137, 9.9659e+05
138, 1.0006e+06
139, 1.0164e+06
140, 1.0242e+06
141, 1.0319e+06
142, 1.0416e+06
143, 1.0522e+06
144, 1.0654e+06
145, 1.0712e+06
146, 1.0811e+06
147, 1.0933e+06
148, 1.1083e+06
149, 1.1165e+06
150, 1.1065e+06
151, 1.1249e+06
152, 1.1311e+06
153, 1.1498e+06
154, 1.1506e+06
155, 1.1638e+06
156, 1.1671e+06
157, 1.169e+06
158, 1.1756e+06
159, 1.2016e+06
160, 1.1988e+06
161, 1.2082e+06
162, 1.2233e+06
163, 1.236e+06
164, 1.2387e+06
165, 1.2313e+06
166, 1.2583e+06
167, 1.2666e+06
168, 1.27e+06
169, 1.2926e+06
170, 1.2983e+06
171, 1.3156e+06
172, 1.32e+06
173, 1.3275e+06
174, 1.3224e+06
175, 1.3294e+06
176, 1.3457e+06
177, 1.3588e+06
178, 1.3694e+06
179, 1.375e+06
180, 1.3761e+06
181, 1.405e+06
182, 1.3951e+06
183, 1.4195e+06
184, 1.418e+06
185, 1.4318e+06
186, 1.4354e+06
187, 1.4529e+06
188, 1.4767e+06
189, 1.4772e+06
190, 1.4733e+06
191, 1.4908e+06
192, 1.5028e+06
193, 1.5183e+06
194, 1.5109e+06
195, 1.5229e+06
196, 1.5369e+06
197, 1.5422e+06
198, 1.5533e+06
199, 1.5683e+06
200, 1.5695e+06
201, 1.5867e+06
202, 1.6057e+06
203, 1.6015e+06
204, 1.6191e+06
205, 1.6153e+06
206, 1.6392e+06
207, 1.6482e+06
208, 1.6301e+06
209, 1.6528e+06
210, 1.6662e+06
211, 1.6764e+06
212, 1.6843e+06
213, 1.702e+06
214, 1.699e+06
215, 1.7087e+06
216, 1.725e+06
217, 1.7319e+06
218, 1.7392e+06
219, 1.7326e+06
220, 1.7631e+06
221, 1.7855e+06
222, 1.7762e+06
223, 1.7919e+06
224, 1.8082e+06
225, 1.8109e+06
226, 1.8362e+06
227, 1.8339e+06
228, 1.8345e+06
229, 1.8487e+06
230, 1.8685e+06
231, 1.8641e+06
232, 1.8792e+06
233, 1.8802e+06
234, 1.8824e+06
235, 1.9133e+06
236, 1.9243e+06
237, 1.9119e+06
238, 1.9371e+06
239, 1.9541e+06
240, 1.9495e+06
241, 1.9511e+06
242, 1.9661e+06
243, 2e+06
244, 1.9919e+06
245, 2.0087e+06
246, 2.0231e+06
247, 2.0478e+06
248, 2.042e+06
249, 2.0529e+06
250, 2.0515e+06
251, 2.0553e+06
252, 2.0703e+06
253, 2.0975e+06
254, 2.0959e+06
255, 2.1071e+06
256, 2.1119e+06
257, 2.1226e+06
258, 2.1385e+06
259, 2.1521e+06
260, 2.1522e+06
261, 2.1706e+06
262, 2.1843e+06
263, 2.1905e+06
264, 2.1742e+06
265, 2.2027e+06
266, 2.2168e+06
267, 2.2311e+06
268, 2.2249e+06
269, 2.2446e+06
270, 2.2544e+06
271, 2.2664e+06
272, 2.2757e+06
273, 2.2757e+06
274, 2.2882e+06
275, 2.3108e+06
276, 2.302e+06
277, 2.331e+06
278, 2.3254e+06
279, 2.3319e+06
280, 2.354e+06
281, 2.3553e+06
282, 2.3608e+06
283, 2.3888e+06
284, 2.4012e+06
285, 2.394e+06
286, 2.4058e+06
287, 2.4309e+06
288, 2.4275e+06
289, 2.4264e+06
290, 2.4387e+06
291, 2.4517e+06
292, 2.4676e+06
293, 2.4836e+06
294, 2.4782e+06
295, 2.5064e+06
296, 2.5088e+06
297, 2.5093e+06
298, 2.5307e+06
299, 2.5454e+06
300, 2.5287e+06
301, 2.5483e+06
302, 2.5769e+06
303, 2.5806e+06
304, 2.5899e+06
305, 2.6106e+06
306, 2.6098e+06
307, 2.6094e+06
308, 2.6278e+06
309, 2.6601e+06
310, 2.6543e+06
311, 2.6725e+06
312, 2.681e+06
313, 2.7059e+06
314, 2.6905e+06
315, 2.705e+06
316, 2.699e+06
317, 2.7009e+06
318, 2.7358e+06
319, 2.7513e+06
320, 2.7741e+06
321, 2.7685e+06
322, 2.7676e+06
323, 2.7926e+06
324, 2.7776e+06
325, 2.8118e+06
326, 2.8249e+06
327, 2.8311e+06
328, 2.8363e+06
329, 2.8436e+06
330, 2.8674e+06
331, 2.8677e+06
332, 2.8701e+06
333, 2.888e+06
334, 2.8957e+06
335, 2.9049e+06
336, 2.9214e+06
337, 2.8981e+06
338, 2.9439e+06
339, 2.9432e+06
340, 2.9592e+06
341, 2.9778e+06
342, 2.9812e+06
343, 2.9768e+06
344, 2.976e+06
345, 3.0123e+06
346, 3.0131e+06
347, 3.0264e+06
348, 3.0296e+06
349, 3.0621e+06
350, 3.0524e+06
351, 3.0496e+06
352, 3.0796e+06
353, 3.0952e+06
354, 3.1112e+06
355, 3.1026e+06
356, 3.1362e+06
357, 3.1387e+06
358, 3.1367e+06
359, 3.1447e+06
360, 3.1699e+06
361, 3.1551e+06
362, 3.1961e+06
363, 3.198e+06
364, 3.225e+06
365, 3.1939e+06
366, 3.2206e+06
367, 3.2217e+06
368, 3.2512e+06
369, 3.2579e+06
370, 3.2651e+06
371, 3.2654e+06
372, 3.3007e+06
373, 3.2795e+06
374, 3.3043e+06
375, 3.3473e+06
376, 3.3266e+06
377, 3.359e+06
378, 3.3581e+06
379, 3.359e+06
380, 3.371e+06
381, 3.3988e+06
382, 3.3882e+06
383, 3.4042e+06
384, 3.4208e+06
385, 3.4294e+06
386, 3.4377e+06
387, 3.4416e+06
388, 3.4607e+06
389, 3.4522e+06
390, 3.4817e+06
391, 3.4789e+06
392, 3.509e+06
393, 3.4872e+06
394, 3.5009e+06
395, 3.5139e+06
396, 3.5338e+06
397, 3.5389e+06
398, 3.5564e+06
399, 3.5696e+06
400, 3.5625e+06
401, 3.5971e+06
402, 3.6167e+06
403, 3.6227e+06
404, 3.6327e+06
405, 3.6102e+06
406, 3.6252e+06
407, 3.6406e+06
408, 3.6715e+06
409, 3.6768e+06
410, 3.6746e+06
411, 3.6846e+06
412, 3.7164e+06
413, 3.7338e+06
414, 3.7493e+06
415, 3.7724e+06
416, 3.7544e+06
417, 3.7578e+06
418, 3.76e+06
419, 3.7777e+06
420, 3.784e+06
421, 3.8031e+06
422, 3.7986e+06
423, 3.8377e+06
424, 3.8274e+06
425, 3.8253e+06
426, 3.8575e+06
427, 3.8682e+06
428, 3.8719e+06
429, 3.8916e+06
430, 3.8998e+06
431, 3.8825e+06
432, 3.9262e+06
433, 3.9129e+06
434, 3.9335e+06
435, 3.9668e+06
436, 3.9521e+06
437, 3.9414e+06
438, 3.9912e+06
439, 4.011e+06
440, 4.0188e+06
441, 4.0047e+06
442, 3.9928e+06
443, 4.0276e+06
444, 4.0342e+06
445, 4.0499e+06
446, 4.0744e+06
447, 4.0808e+06
448, 4.0942e+06
449, 4.1039e+06
450, 4.0907e+06
451, 4.1286e+06
452, 4.1257e+06
453, 4.146e+06
454, 4.1491e+06
455, 4.1373e+06
456, 4.1812e+06
457, 4.1708e+06
458, 4.1845e+06
459, 4.2058e+06
460, 4.2228e+06
461, 4.2234e+06
462, 4.2448e+06
463, 4.243e+06
464, 4.24e+06
465, 4.2728e+06
466, 4.2803e+06
467, 4.2938e+06
468, 4.3092e+06
469, 4.3124e+06
470, 4.3283e+06
471, 4.3336e+06
472, 4.3313e+06
473, 4.3492e+06
474, 4.3601e+06
475, 4.3923e+06
476, 4.4023e+06
477, 4.421e+06
478, 4.4051e+06
479, 4.4026e+06
480, 4.426e+06
481, 4.4517e+06
482, 4.4554e+06
483, 4.4647e+06
484, 4.4968e+06
485, 4.5005e+06
486, 4.4912e+06
487, 4.5279e+06
488, 4.5216e+06
489, 4.527e+06
490, 4.5157e+06
491, 4.5485e+06
492, 4.5568e+06
493, 4.5862e+06
494, 4.5894e+06
495, 4.6043e+06
496, 4.6105e+06
497, 4.6436e+06
498, 4.6247e+06
499, 4.6165e+06
500, 4.6506e+06
501, 4.6768e+06
502, 4.6493e+06
503, 4.6956e+06
504, 4.6979e+06
505, 4.7224e+06
506, 4.7018e+06
507, 4.72e+06
508, 4.7536e+06
509, 4.7356e+06
510, 4.7721e+06
511, 4.7412e+06
