25, 45178.91680
50, 114464.41712
75, 192874.01788
100, 277552.23150
125, 361532.58872
150, 453362.80262
175, 548870.45524
200, 648552.60356
225, 749581.71146
250, 839922.46554
275, 941437.66750
300, 1046062.50030
325, 1144057.47268
350, 1258334.59956
375, 1359973.25922
400, 1465630.32762
425, 1574936.83138
450, 1694313.73716
475, 1790564.62322
500, 1908447.69708
525, 2010742.11356
550, 2137952.00030
575, 2247043.49180
600, 2350955.24980
625, 2477667.44252
650, 2593752.23446
675, 2698646.82308
700, 2823885.41332
725, 2941766.84268
750, 3063449.37416
775, 3165563.70200
800, 3294078.86916
825, 3412063.36396
850, 3537349.49616
875, 3658390.86500
900, 3773783.17820
925, 3887737.76810
950, 4003220.79502
975, 4137134.44300
1000, 4258072.37788
1025, 4376828.09476
1050, 4500551.03104
1075, 4629942.29494
1100, 4758164.08784
1125, 4874637.18606
1150, 5004923.92058
1175, 5121572.42964
1200, 5243471.79542
1225, 5385464.37138
1250, 5504824.36426
1275, 5619441.63124
1300, 5781358.92870
1325, 5870198.36920
1350, 6002313.41674
1375, 6128780.89934
1400, 6248282.49972
1425, 6381905.16970
1450, 6523968.23184
1475, 6642335.60336
1500, 6788503.84720
1525, 6910144.22720
1550, 7030097.58316
1575, 7159455.58076
1600, 7296905.22658
1625, 7429911.75398
1650, 7547426.08580
1675, 7707828.73866
1700, 7827377.88100
1725, 7936978.95684
1750, 8062272.71296
1775, 8187279.47804
1800, 8325040.12560
1825, 8478635.05904
1850, 8595424.48856
1875, 8736416.24882
1900, 8872495.62232
1925, 8986705.22006
1950, 9117487.90220
1975, 9248980.10352
2000, 9393383.17794
2025, 9514100.25058
2050, 9655973.00200
2075, 9800691.38934
2100, 9923853.76934
2125, 10070969.81828
2150, 10192763.78708
2175, 10315698.64028
2200, 10471682.45394
2225, 10599661.66446
2250, 10727040.75446
2275, 10842752.28036
2300, 11013373.49258
2325, 11131983.35740
2350, 11262604.73964
2375, 11402684.90342
2400, 11541071.49522
2425, 11703296.92774
2450, 11828406.65446
2475, 11951691.95702
2500, 12100180.94496
