1, 4.436
2, 6.436
3, 11.872
4, 15.872
5, 22.526
6, 26.526
7, 32.744
8, 39.18
9, 45.398
10, 56.488
11, 60.27
12, 69.924
13, 73.706
14, 80.924
15, 89.578
16, 96.796
17, 110.1
18, 110.01
19, 123.32
20, 135.19
21, 138.76
22, 156.94
23, 163.94
24, 168.72
25, 179.37
26, 187.59
27, 198.46
28, 210.34
29, 220.99
30, 229.21
31, 236.21
32, 244.43
33, 257.52
34, 257.21
35, 281.04
36, 290.48
37, 303.57
38, 307.91
39, 312.48
40, 335.09
41, 343.31
42, 353.75
43, 369.27
44, 368.75
45, 370.66
46, 392.27
47, 410.02
48, 418.02
49, 423.58
50, 443.76
51, 447.11
52, 446.58
53, 474.07
54, 477.2
55, 491.29
56, 504.16
57, 527.78
58, 533.34
59, 546.21
60, 548.12
61, 551.25
62, 567.78
63, 588.96
64, 593.3
65, 596.43
66, 609.08
67, 630.48
68, 641.92
69, 649.92
70, 670.1
71, 676.66
72, 698.06
73, 692.44
74, 705.1
75, 724.06
76, 736.71
77, 749.59
78, 779.29
79, 776.11
80, 791.42
81, 806.51
82, 796.02
83, 835.47
84, 836.16
85, 843.95
86, 854.16
87, 876.56
88, 896.52
89, 905.52
90, 919.61
91, 929.83
92, 938.83
93, 946.61
94, 972.67
95, 993.85
96, 983.36
97, 1019.2
98, 1003.8
99, 1022.5
100, 1047.4
101, 1041.8
102, 1062.7
103, 1079
104, 1099
105, 1116.5
106, 1101.2
107, 1127.2
108, 1139.6
109, 1158.4
110, 1161.3
111, 1181.3
112, 1203.4
113, 1206.3
114, 1215.3
115, 1237.5
116, 1249
117, 1277.5
118, 1278.9
119, 1291.6
120, 1303
121, 1321.5
122, 1326.9
123, 1335.7
124, 1337.4
125, 1350
126, 1402.6
127, 1392.2
128, 1413.1
129, 1439.2
130, 1416.3
131, 1458
132, 1465.7
133, 1475.7
134, 1504.2
135, 1511.8
136, 1515.9
137, 1502.8
138, 1576.1
139, 1559.5
140, 1580.5
141, 1601.5
142, 1601.9
143, 1613.1
144, 1629.2
145, 1650.4
146, 1665.3
147, 1672.9
148, 1658.5
149, 1694.3
150, 1714
151, 1708.2
152, 1727.9
153, 1740.4
154, 1756.7
155, 1786.2
156, 1802.3
157, 1830.5
158, 1824.7
159, 1833.5
160, 1869.1
161, 1868.3
162, 1862.5
163, 1870
164, 1871.5
165, 1927.8
166, 1924.4
167, 1930.8
168, 1960.2
169, 1954.4
170, 2004.6
171, 1989
172, 2018.5
173, 2020
174, 2030
175, 2059.5
176, 2062.2
177, 2067.3
178, 2100.4
179, 2108
180, 2129
181, 2143.8
182, 2141.4
183, 2133.2
184, 2172.4
185, 2201.9
186, 2214.3
187, 2210.9
188, 2231.9
189, 2260.2
190, 2265.1
191, 2270.2
192, 2269.2
193, 2319.4
194, 2325.8
195, 2340.4
196, 2351.6
197, 2359.2
198, 2369.2
199, 2394.8
200, 2413.4
201, 2431.9
202, 2440.7
203, 2452.9
204, 2483.6
205, 2474.1
206, 2507
207, 2512.1
208, 2523.4
209, 2539.2
210, 2566.3
211, 2567.8
212, 2559.3
213, 2591.2
214, 2596.3
215, 2603.7
216, 2653.9
217, 2644.2
218, 2649.3
219, 2701.9
220, 2712.9
221, 2697.3
222, 2714.4
223, 2750
224, 2764.7
225, 2813.6
226, 2744.2
227, 2788.4
228, 2822.5
229, 2821.5
230, 2836.2
231, 2865.7
232, 2870.6
233, 2890.3
234, 2908.6
235, 2927.2
236, 2936.9
237, 2972.5
238, 2977.4
239, 2977.7
240, 2987.5
241, 2999.7
242, 3059.6
243, 3039
244, 3053.8
245, 3056.3
246, 3102.6
247, 3096.8
248, 3088.3
249, 3155.3
250, 3111.7
251, 3153.2
252, 3166.8
253, 3165.7
254, 3208.3
255, 3204.9
256, 3228.1
257, 3228.2
258, 3282
259, 3268.6
260, 3300.3
261, 3328.4
262, 3334.7
263, 3366.5
264, 3381.1
265, 3366.7
266, 3386.3
267, 3432.6
268, 3414.4
269, 3411
270, 3471.9
271, 3445.1
272, 3495.1
273, 3445.2
274, 3499.1
275, 3538.1
276, 3534.5
277, 3558.9
278, 3586.9
279, 3594.5
280, 3609.1
281, 3620.1
282, 3615.3
283, 3636
284, 3649.5
285, 3658.3
286, 3676.6
287, 3691.2
288, 3719.3
289, 3733.9
290, 3735.2
291, 3738.9
292, 3768.1
293, 3793.8
294, 3778.2
295, 3811.1
296, 3878.1
297, 3842.9
298, 3881.9
299, 3877
300, 3910
301, 3939.2
302, 3925.9
303, 3950.3
304, 3988.1
305, 4000.3
306, 3989.4
307, 4008.9
308, 4039.4
309, 4009
310, 4074.8
311, 4099.2
312, 4112.6
313, 4098
314, 4130.9
315, 4146.8
316, 4194.4
317, 4121.3
318, 4155.5
319, 4190.8
320, 4206.7
321, 4233.5
322, 4232.3
323, 4279.7
324, 4245.6
325, 4291.9
326, 4326.1
327, 4344.4
328, 4354.2
329, 4362.7
330, 4321.3
331, 4395.7
332, 4431
333, 4344.4
334, 4411.4
335, 4476
336, 4499.2
337, 4474.9
338, 4481
339, 4536.8
340, 4485.7
341, 4523.5
342, 4565
343, 4590.6
344, 4571.1
345, 4602.6
346, 4652.6
347, 4579.6
348, 4627.1
349, 4677.1
350, 4704.9
351, 4661.1
352, 4695.2
353, 4744
354, 4768.4
355, 4786.5
356, 4779.2
357, 4807.3
358, 4821.9
359, 4797.4
360, 4840
361, 4851
362, 4866.9
363, 4860.6
364, 4899.7
365, 4907
366, 4935.1
367, 4969
368, 4954.4
369, 5001.9
370, 5018.8
371, 5027.4
372, 5044.5
373, 5072.3
374, 5054.1
375, 5104
376, 5102.7
377, 5134.4
378, 5146.6
379, 5109.9
380, 5139.1
381, 5172
382, 5153.6
383, 5215.8
384, 5220.7
385, 5249.7
386, 5257.1
387, 5280
388, 5309.3
389, 5311.8
390, 5305.5
391, 5337.2
392, 5365
393, 5390.7
394, 5380.9
395, 5397.8
396, 5412.5
397, 5413.5
398, 5465.9
399, 5448.9
