25, 102335.35408
50, 266282.82413
75, 445863.93637
100, 630657.98684
125, 839684.75413
150, 1039712.91471
175, 1270143.72182
200, 1491292.02002
225, 1704403.87549
250, 1934161.59332
275, 2168333.18522
300, 2403075.16777
325, 2634191.99541
350, 2887675.02685
375, 3126893.87091
400, 3367411.42359
425, 3619256.61552
450, 3867589.69617
475, 4111393.27287
500, 4382542.14559
525, 4637502.50297
550, 4909387.45241
575, 5165309.97377
600, 5431198.43832
625, 5706932.04368
650, 5956400.73313
675, 6220138.78246
700, 6491579.31613
725, 6746999.60678
750, 7043911.16470
775, 7318853.46465
800, 7593464.39246
825, 7840338.25092
850, 8078718.31963
875, 8404841.68659
900, 8674694.43694
925, 8968898.12024
950, 9252673.34083
975, 9566914.19539
1000, 9748857.96142
1025, 10043222.15829
1050, 10323448.14266
1075, 10654663.64547
1100, 10955891.55133
1125, 11240860.19566
1150, 11472796.77746
1175, 11782786.85777
1200, 12093626.05843
1225, 12408492.53233
1250, 12610707.31563
1275, 12963726.39034
1300, 13273219.41244
1325, 13577544.38000
1350, 13842315.33950
1375, 14035421.05871
1400, 14470565.78886
1425, 14716550.81578
1450, 14969039.73080
1475, 15284978.82606
1500, 15619538.16783
1525, 15877634.38066
1550, 16138159.73841
1575, 16425231.32802
1600, 16821897.25772
1625, 17090911.23272
1650, 17330831.61481
1675, 17706553.43796
1700, 18003307.06856
1725, 18237060.10719
1750, 18587019.24514
1775, 18857686.57715
1800, 19139889.53192
1825, 19464490.68925
1850, 19771778.06744
1875, 20073684.23508
1900, 20421219.40061
1925, 20691426.79935
1950, 20997121.22172
1975, 21270948.60287
2000, 21627100.94678
2025, 21921186.41395
2050, 22250669.13737
2075, 22495242.41204
2100, 22831670.85308
2125, 23228281.55409
2150, 23384769.81337
2175, 23746006.53438
2200, 24061900.74595
2225, 24359563.89809
2250, 24694985.29146
2275, 24998019.30915
2300, 25306221.38138
2325, 25618367.04941
2350, 25894420.76447
2375, 26270082.18643
2400, 26608623.91775
2425, 26851033.84595
2450, 27165295.39051
2475, 27496694.68314
2500, 27817909.70407
