0, 5387.04
1, 4339.78
2, 4154.12
3, 3963.52
4, 3908.02
5, 3869.47
6, 3824.73
7, 3791.92
8, 3775.61
9, 3763.38
10, 3748.31
11, 3740.66
12, 3724.72
13, 3709.65
14, 3702
15, 3697.62
16, 3689.53
17, 3683.12
18, 3668.85
19, 3659.96
20, 3650.2
21, 3636.37
22, 3644.79
23, 3637.93
24, 3639.74
25, 3643.21
26, 3627.71
27, 3623.76
28, 3623.89
29, 3622.42
30, 3627.13
31, 3616.14
32, 3613.43
33, 3610.72
34, 3607.58
35, 3595.78
36, 3599.25
37, 3599.82
38, 3610.71
39, 3589.02
40, 3593.3
41, 3584.41
42, 3580.83
43, 3588.01
44, 3589.01
45, 3580.93
46, 3580.69
47, 3577.11
48, 3576.88
49, 3571.7
50, 3564.85
51, 3569.12
52, 3565.18
53, 3562.03
54, 3568.78
55, 3566.07
56, 3559.22
57, 3558.98
58, 3558.31
59, 3548.99
60, 3546.28
61, 3550.12
62, 3549.89
63, 3548.41
64, 3547.74
65, 3551.22
66, 3541.46
67, 3533.81
68, 3540.99
69, 3545.26
70, 3530.99
71, 3533.23
72, 3538.31
73, 3537.27
74, 3528.75
75, 3524.8
76, 3528.28
77, 3529.64
78, 3531.88
79, 3531.64
80, 3527.27
81, 3522.89
82, 3523.45
83, 3517.04
84, 3522.98
85, 3521.88
86, 3511.75
87, 3511.51
88, 3515.36
89, 3512.65
90, 3506.23
91, 3515.45
92, 3515.21
93, 3520.29
94, 3516.35
95, 3514.87
96, 3512.97
97, 3516
98, 3519.48
99, 3522.52
100, 3519.37
101, 3512.96
102, 3517.23
103, 3518.23
104, 3506.44
105, 3518.13
106, 3512.95
107, 3511.04
108, 3514.08
109, 3513.84
110, 3516.88
111, 3517.88
112, 3514.3
113, 3517.78
114, 3517.78
115, 3516.44
116, 3514.96
117, 3514.96
118, 3515.29
119, 3505.97
120, 3506.54
121, 3508.77
122, 3507.3
123, 3509.1
124, 3504.72
125, 3509.43
126, 3501.35
127, 3500.68
128, 3499.2
129, 3501.01
130, 3508.19
131, 3505.04
132, 3508.08
133, 3500.43
134, 3497.29
135, 3496.62
136, 3500.09
137, 3501.89
138, 3506.6
139, 3494.8
140, 3497.84
141, 3497.84
142, 3500.21
143, 3496.27
144, 3499.74
145, 3499.87
146, 3492.22
147, 3497.73
148, 3495.02
149, 3499.73
150, 3493.68
151, 3504.57
152, 3500.62
153, 3498.28
154, 3493.1
155, 3491.63
156, 3490.53
157, 3484.54
158, 3490.86
159, 3489.38
160, 3490.38
161, 3492.19
162, 3497.7
163, 3497.7
164, 3493.08
165, 3493.88
166, 3492.98
167, 3493.98
168, 3496.21
169, 3489.36
170, 3489.93
171, 3489.69
172, 3497.68
173, 3497.01
174, 3497.01
175, 3498.57
176, 3493.39
177, 3489.01
178, 3489.58
179, 3478.22
180, 3480.82
181, 3484.29
182, 3485.29
183, 3487.1
184, 3490.13
185, 3483.72
186, 3487.99
187, 3484.05
188, 3482.14
189, 3489.12
190, 3488.65
191, 3475.19
192, 3472.48
193, 3482.13
194, 3491.35
195, 3487.41
196, 3485.06
197, 3479.88
198, 3477.18
199, 3483.49
200, 3485.72
201, 3475.6
202, 3483.58
203, 3485.82
204, 3482.24
205, 3482.01
206, 3480.53
207, 3479.43
208, 3482.9
209, 3476.49
210, 3480.33
211, 3472.67
212, 3474.91
213, 3477.95
214, 3477.95
215, 3477.04
216, 3472.66
217, 3474.9
218, 3465.58
219, 3463.67
220, 3472.09
221, 3473.89
222, 3478.6
223, 3476.69
224, 3473.55
225, 3478.26
226, 3474.68
227, 3476.92
228, 3476.68
229, 3464.88
230, 3478.05
231, 3481.28
232, 3475.91
233, 3476.67
234, 3461.97
235, 3465.44
236, 3465.44
237, 3474.42
238, 3470.28
239, 3473.52
240, 3466.67
241, 3466.43
242, 3470.27
243, 3467.56
244, 3467.56
245, 3470.36
246, 3463.51
247, 3463.51
248, 3466.32
249, 3471.83
250, 3471.16
251, 3464.74
252, 3468.21
253, 3473.72
254, 3469.34
255, 3469.34
256, 3467.2
257, 3457.88
258, 3457.88
259, 3471.81
260, 3459.21
261, 3462.25
262, 3459.34
263, 3467.52
264, 3462.71
265, 3464.94
266, 3464.94
267, 3462.8
268, 3464.6
269, 3466.84
270, 3463.7
271, 3463.7
272, 3464.83
273, 3457.18
274, 3455.7
275, 3459.54
276, 3459.31
277, 3460.31
278, 3457.17
279, 3453.22
280, 3469.86
281, 3460.53
282, 3460.53
283, 3464.57
284, 3455.49
285, 3457.49
286, 3453.91
287, 3454.91
288, 3452.2
289, 3460.18
290, 3462.42
291, 3465.46
292, 3457.37
293, 3467.02
294, 3456.03
295, 3457.03
296, 3462.98
297, 3462.31
298, 3457.13
299, 3457.26
300, 3457.26
301, 3457.26
302, 3448.7
303, 3448.26
304, 3453.97
305, 3457.81
306, 3450.16
307, 3449.49
308, 3450.49
309, 3458.91
310, 3457
311, 3455.09
312, 3459.8
313, 3451.28
314, 3449.81
315, 3451.61
316, 3448.9
317, 3451.14
318, 3450.04
319, 3449.8
320, 3449.8
321, 3455.07
322, 3451.93
323, 3455.4
324, 3447.32
325, 3450.79
326, 3453.83
327, 3450.92
328, 3450.92
329, 3447.31
330, 3449.11
331, 3447.64
332, 3446.97
333, 3445.06
334, 3441.92
335, 3447.86
336, 3447.86
337, 3445.29
338, 3447.52
339, 3446.05
340, 3447.85
341, 3445.95
342, 3439.53
343, 3446.28
344, 3450.98
345, 3450.31
346, 3448.41
347, 3445.7
348, 3445.03
349, 3445.59
350, 3445.36
351, 3440.98
352, 3441.55
353, 3437.6
354, 3437.17
355, 3444.11
356, 3446.72
357, 3439.06
358, 3439.06
359, 3448.85
360, 3438.72
361, 3439.72
362, 3438.05
363, 3442.53
364, 3444.33
365, 3436.48
366, 3443.42
367, 3442.32
368, 3439.61
369, 3440.61
370, 3439.94
371, 3442.17
372, 3439.83
373, 3439.83
374, 3441.83
375, 3439.49
376, 3439.49
377, 3441.49
378, 3440.82
379, 3436.45
380, 3436.45
381, 3439.48
382, 3441.48
383, 3438.34
384, 3431.49
385, 3431.49
386, 3438
387, 3433.62
388, 3433.62
389, 3438.46
390, 3439.46
391, 3437.56
392, 3437.32
393, 3437.32
394, 3431.47
395, 3431.04
396, 3436.74
397, 3431.13
398, 3429.46
399, 3440.11
400, 3430.79
401, 3442.91
402, 3434.83
403, 3434.16
404, 3436.39
405, 3441.9
406, 3431.58
407, 3439.76
408, 3441.56
409, 3433.91
410, 3436.95
411, 3430.33
412, 3431.1
413, 3437.85
414, 3432.23
415, 3432.23
416, 3431.32
417, 3433.13
418, 3426.71
419, 3429.75
420, 3435.69
421, 3434.59
422, 3434.59
423, 3434.59
424, 3430.54
425, 3430.3
426, 3435.01
427, 3432.11
428, 3430.4
429, 3429.73
430, 3430.29
431, 3430.06
432, 3431.86
433, 3432.43
434, 3428.48
435, 3431.52
436, 3430.85
437, 3435.56
438, 3433.89
439, 3437.12
440, 3433.98
441, 3425.89
442, 3425.89
443, 3425.79
444, 3428.03
445, 3427.79
446, 3427.36
447, 3429.36
448, 3426.21
449, 3428.25
450, 3428.25
451, 3430.82
452, 3423.97
453, 3431.15
454, 3425.53
455, 3424.06
456, 3434.52
457, 3431.37
458, 3436.08
459, 3426.33
460, 3429.8
461, 3429.8
462, 3421.04
463, 3421.04
464, 3421.04
465, 3421.37
466, 3424.61
467, 3425.17
468, 3423.27
469, 3423.27
470, 3428.54
471, 3420.69
472, 3426.4
473, 3424.06
474, 3422.59
475, 3420.68
476, 3424.15
477, 3421.44
478, 3420.77
479, 3425.28
480, 3423.58
481, 3420.43
482, 3427.18
483, 3419.09
484, 3422.57
485, 3422.33
486, 3422.46
487, 3423.46
488, 3420.75
489, 3425.03
490, 3417.18
491, 3422.88
492, 3423.45
493, 3423.45
494, 3415.93
495, 3418.17
496, 3418.17
497, 3425.91
498, 3420.53
499, 3423.77
500, 3421.86
501, 3418.72
502, 3424.67
503, 3424
504, 3425
505, 3416.48
506, 3421.18
507, 3419.71
508, 3418.61
509, 3417.14
510, 3421.84
511, 3419.94
512, 3419.7
513, 3418.6
514, 3419.6
515, 3419.6
516, 3421.16
517, 3419.26
518, 3419.26
519, 3417.11
520, 3419.35
521, 3416.21
522, 3415.77
523, 3415.77
524, 3423.28
525, 3413.96
526, 3417.43
527, 3418
528, 3422.27
529, 3423.27
530, 3418.9
531, 3419.9
532, 3416.32
533, 3416.32
534, 3422.03
535, 3417.65
536, 3416.98
537, 3419.22
538, 3419.35
539, 3420.35
540, 3413.5
541, 3418.21
542, 3422.91
543, 3421.01
544, 3415.63
545, 3416.39
546, 3412.82
547, 3413.82
548, 3413.82
549, 3411.67
550, 3411.67
551, 3409.1
552, 3409.1
553, 3409.1
554, 3408.76
555, 3408.52
556, 3408.29
557, 3410.89
558, 3410.89
559, 3412.89
560, 3415.93
561, 3415.93
562, 3419.97
563, 3415.59
564, 3412.88
565, 3419.63
566, 3418.96
567, 3415.81
568, 3415.58
569, 3410.4
570, 3408.49
571, 3411.53
572, 3411.53
573, 3413.9
574, 3411.19
575, 3415.9
576, 3417.7
577, 3413.75
578, 3408.94
579, 3413.65
580, 3413.65
581, 3412.74
582, 3414.55
583, 3414.55
584, 3416.11
585, 3409.26
586, 3411.5
587, 3409.83
588, 3409.83
589, 3409.92
590, 3415.67
591, 3411.49
592, 3413.29
593, 3415.33
594, 3416.09
595, 3415.66
596, 3415.19
597, 3411.61
598, 3411.61
599, 3411.61
600, 3412.51
601, 3412.51
602, 3412.51
603, 3412.6
604, 3413.6
605, 3415.4
606, 3409.79
607, 3409.55
608, 3410.12
609, 3408.21
610, 3411.68
611, 3409.78
612, 3409.34
613, 3416.29
614, 3413.14
615, 3412.91
616, 3412.24
617, 3407.86
618, 3410.1
619, 3410.66
620, 3410.23
621, 3408.52
622, 3404.14
623, 3405.14
624, 3410.22
625, 3409.98
626, 3408.51
627, 3411.11
628, 3409.64
629, 3410.64
630, 3414.92
631, 3405.83
632, 3411.54
633, 3412.1
634, 3410.63
635, 3408.72
636, 3406.82
637, 3406.82
638, 3406.71
639, 3406.71
640, 3408.71
641, 3406.37
642, 3411.08
643, 3406.7
644, 3406.7
645, 3406.23
646, 3403.89
647, 3403.89
648, 3403.89
649, 3403.98
650, 3412.2
651, 3411.3
652, 3411.3
653, 3411.3
654, 3409.72
655, 3404.54
656, 3404.3
657, 3401.96
658, 3401.96
659, 3407.67
660, 3407.24
661, 3404.29
662, 3407.33
663, 3413.08
664, 3401.48
665, 3407.79
666, 3407.79
667, 3407.32
668, 3407.89
669, 3403.51
670, 3404.51
671, 3407.78
672, 3407.78
673, 3406.64
674, 3405.97
675, 3405.97
676, 3406.3
677, 3402.16
678, 3407.87
679, 3404.73
680, 3410.67
681, 3403.38
682, 3403.38
683, 3403.38
684, 3404.71
685, 3405.52
686, 3412.46
687, 3406.85
688, 3402.47
689, 3400.56
690, 3402.8
691, 3407.51
692, 3404.36
693, 3407.64
694, 3408.4
695, 3410.2
696, 3404.83
697, 3406.83
698, 3408.63
699, 3400.98
700, 3406.49
701, 3402.11
702, 3402.11
703, 3408.62
704, 3404.24
705, 3404.24
706, 3402.9
707, 3408.04
708, 3399.95
709, 3406.7
710, 3400.28
711, 3399.61
712, 3400.42
713, 3397.47
714, 3402.98
715, 3404.78
716, 3405.35
717, 3403.88
718, 3403.88
719, 3402.97
720, 3401.07
721, 3401.07
722, 3401.4
723, 3401.96
724, 3400.49
725, 3401.06
726, 3401.06
727, 3405.09
728, 3401.95
729, 3394.3
730, 3398.57
731, 3396.9
732, 3396.9
733, 3403.18
734, 3402.74
735, 3401.84
736, 3401.84
737, 3401.84
738, 3399.46
739, 3394.08
740, 3402.26
741, 3398.68
742, 3397.21
743, 3403.16
744, 3402.49
745, 3402.25
746, 3401.58
747, 3400.91
748, 3398.2
749, 3398.77
750, 3396.86
751, 3396.86
752, 3399.66
753, 3401.47
754, 3399.99
755, 3398.09
756, 3398.09
757, 3395.51
758, 3395.51
759, 3397.51
760, 3401.79
761, 3400.12
762, 3397.17
763, 3397.74
764, 3396.26
765, 3403.01
766, 3399.87
767, 3399.87
768, 3400.2
769, 3400.77
770, 3398.06
771, 3399.42
772, 3399.19
773, 3398.52
774, 3398.28
775, 3398.28
776, 3399.85
777, 3396.94
778, 3397.71
779, 3397.84
780, 3390.19
781, 3390.19
782, 3389.51
783, 3397.7
784, 3400.73
785, 3398.83
786, 3398.83
787, 3399.16
788, 3402.43
789, 3402.43
790, 3398.82
791, 3398.82
792, 3400.38
793, 3394.77
794, 3394.77
795, 3387.25
796, 3400.61
797, 3400.61
798, 3399.27
799, 3394.09
800, 3395.09
801, 3394.65
802, 3394.65
803, 3400.93
804, 3396.55
805, 3396.55
806, 3392.74
807, 3392.74
808, 3398.45
809, 3396.78
810, 3397.54
811, 3396.87
812, 3394.96
813, 3394.96
814, 3391.15
815, 3391.15
816, 3391.15
817, 3392.48
818, 3393.05
819, 3391.57
820, 3394.85
821, 3394.85
822, 3390.8
823, 3390.8
824, 3390.8
825, 3389.66
826, 3392.7
827, 3392.7
828, 3392.03
829, 3394.03
830, 3392.12
831, 3391.69
832, 3392.45
833, 3394.25
834, 3392.35
835, 3392.35
836, 3391.44
837, 3390.77
838, 3391.77
839, 3394.81
840, 3394.57
841, 3392.67
842, 3395.7
843, 3396.7
844, 3391.09
845, 3395.36
846, 3393.89
847, 3395.69
848, 3396.69
849, 3389.84
850, 3392.88
851, 3395.12
852, 3394.01
853, 3394.01
854, 3399.72
855, 3389.16
856, 3388.93
857, 3391.96
858, 3392.77
859, 3394.77
860, 3394.1
861, 3393.66
862, 3391.95
863, 3388.38
864, 3389.38
865, 3389.38
866, 3388.71
867, 3388.71
868, 3392.08
869, 3392.08
870, 3392.08
871, 3392.17
872, 3392.74
873, 3391.26
874, 3390.59
875, 3390.59
876, 3390.92
877, 3387.78
878, 3387.78
879, 3391.82
880, 3384.97
881, 3390.91
882, 3395.19
883, 3389.81
884, 3391.81
885, 3386.43
886, 3386.43
887, 3388.56
888, 3392.03
889, 3390.56
890, 3388.66
891, 3384.51
892, 3388.99
893, 3380.9
894, 3380.9
895, 3392.35
896, 3390.68
897, 3390.68
898, 3391.58
899, 3386.4
900, 3388.64
901, 3389.2
902, 3387.3
903, 3390.77
904, 3387.63
905, 3388.63
906, 3391.66
907, 3384.81
908, 3384.81
909, 3388.85
910, 3390.65
911, 3394.13
912, 3388.75
913, 3387.04
914, 3387.6
915, 3389.64
916, 3391.64
917, 3388.5
918, 3385.36
919, 3385.36
920, 3390.63
921, 3384.22
922, 3384.78
923, 3384.35
924, 3381.4
925, 3384.01
926, 3384.01
927, 3384.01
928, 3385.34
929, 3385.9
930, 3384.43
931, 3391.18
932, 3387.23
933, 3385.33
934, 3383.66
935, 3383.66
936, 3382.51
937, 3384.55
938, 3381.61
939, 3380.94
940, 3383.98
941, 3383.31
942, 3383.31
943, 3383.31
944, 3382.97
945, 3382.97
946, 3382.97
947, 3381.82
948, 3383.86
949, 3383.86
950, 3387.66
951, 3389.9
952, 3384.29
953, 3385.09
954, 3385.09
955, 3388.46
956, 3388.46
957, 3384.28
958, 3384.84
959, 3385.41
960, 3390.12
961, 3384.5
962, 3385.5
963, 3386.07
964, 3386.63
965, 3388.87
966, 3384.49
967, 3382.58
968, 3382.35
969, 3384.39
970, 3380.21
971, 3384.48
972, 3385.05
973, 3382.34
974, 3382.47
975, 3382.47
976, 3383.23
977, 3384.04
978, 3384.8
979, 3385.37
980, 3382.22
981, 3384.46
982, 3381.32
983, 3379.65
984, 3379.65
985, 3383.45
986, 3382.78
987, 3383.35
988, 3383.35
989, 3383.35
990, 3380.97
991, 3381.53
992, 3381.53
993, 3383.1
994, 3375.25
995, 3375.25
996, 3380.52
997, 3382.52
998, 3381.85
999, 3380.18
1000, 3380.18
1001, 3382.31
1002, 3383.31
1003, 3381.84
1004, 3381.17
1005, 3384.64
1006, 3377.79
1007, 3378.36
1008, 3386.78
1009, 3378.69
1010, 3378.02
1011, 3380.26
1012, 3380.82
1013, 3385.1
1014, 3384.86
1015, 3382.95
1016, 3385.19
1017, 3382.85
1018, 3382.85
1019, 3378.67
1020, 3378
1021, 3380.04
1022, 3380.04
1023, 3380.13
1024, 3374.95
1025, 3376.75
1026, 3378.79
1027, 3378.79
1028, 3383.83
1029, 3378.45
1030, 3381.69
1031, 3381.02
1032, 3373.17
1033, 3373.17
1034, 3379.44
1035, 3379.44
1036, 3379.77
1037, 3376.86
1038, 3376.39
1039, 3376.52
1040, 3376.52
1041, 3376.52
1042, 3381.56
1043, 3381.56
1044, 3374.47
1045, 3375.04
1046, 3375.04
1047, 3375.37
1048, 3379.65
1049, 3379.41
1050, 3379.98
1051, 3379.54
1052, 3374.93
1053, 3374.93
1054, 3374.93
1055, 3373.35
1056, 3373.35
1057, 3375.35
1058, 3376.72
1059, 3376.72
1060, 3379.95
1061, 3378.05
1062, 3376.58
1063, 3378.38
1064, 3376.47
1065, 3376.47
1066, 3375.13
1067, 3375.13
1068, 3375.13
1069, 3380.17
1070, 3372.08
1071, 3379.26
1072, 3374.89
1073, 3374.65
1074, 3377.25
1075, 3377.25
1076, 3373.07
1077, 3373.64
1078, 3376.91
1079, 3381.39
1080, 3382.19
1081, 3382.95
1082, 3379.81
1083, 3368.25
1084, 3376.43
1085, 3378.23
1086, 3376.56
1087, 3376.56
1088, 3377.89
1089, 3373.51
1090, 3373.28
1091, 3378.79
1092, 3379.79
1093, 3375.41
1094, 3375.98
1095, 3375.98
1096, 3373.4
1097, 3373.4
1098, 3371.69
1099, 3373.73
1100, 3379.44
1101, 3378.77
1102, 3370.92
1103, 3370.92
1104, 3372.25
1105, 3369.34
1106, 3369.34
1107, 3375.62
1108, 3373.71
1109, 3374.71
1110, 3376.51
1111, 3378.75
1112, 3378.08
1113, 3376.17
1114, 3376.17
1115, 3374.83
1116, 3374.83
1117, 3376.83
1118, 3375.16
1119, 3375.16
1120, 3380.2
1121, 3373.58
1122, 3373.58
1123, 3372.44
1124, 3370.54
1125, 3369.06
1126, 3366.72
1127, 3366.72
1128, 3368.72
1129, 3368.29
1130, 3368.29
1131, 3375.8
1132, 3370.18
1133, 3374.89
1134, 3374.22
1135, 3373.79
1136, 3375.79
1137, 3371.65
1138, 3373.65
1139, 3371.31
1140, 3371.31
1141, 3365.89
1142, 3366.46
1143, 3374.67
1144, 3374.67
1145, 3370.06
1146, 3372.06
1147, 3366.01
1148, 3370.72
1149, 3368.01
1150, 3368.14
1151, 3368.14
1152, 3368.14
1153, 3373.18
1154, 3376.22
1155, 3375.98
1156, 3374.31
1157, 3372.61
1158, 3365.32
1159, 3365.32
1160, 3373.5
1161, 3375.3
1162, 3369.93
1163, 3374.4
1164, 3373.73
1165, 3371.02
1166, 3373.62
1167, 3373.62
1168, 3373.62
1169, 3368.34
1170, 3368.34
1171, 3368.34
1172, 3375.85
1173, 3371.47
1174, 3370.8
1175, 3371.8
1176, 3371.8
1177, 3369.22
1178, 3375.17
1179, 3373.7
1180, 3371.79
1181, 3365.18
1182, 3367.18
1183, 3369.21
1184, 3369.21
1185, 3376.72
1186, 3372.35
1187, 3372.35
1188, 3375.15
1189, 3369.53
1190, 3369.53
1191, 3370.67
1192, 3372.9
1193, 3373.9
1194, 3372
1195, 3372
1196, 3372.33
1197, 3374.36
1198, 3373.89
1199, 3371.55
1200, 3360.19
1201, 3359.52
1202, 3369.17
1203, 3369.17
1204, 3370.74
1205, 3366.36
1206, 3366.36
1207, 3366.69
1208, 3367.49
1209, 3367.02
1210, 3368.82
1211, 3368.82
1212, 3371.62
1213, 3367.25
1214, 3363.3
1215, 3362.63
1216, 3362.2
1217, 3370.38
1218, 3368.47
1219, 3369.04
1220, 3365.89
1221, 3365.89
1222, 3365.89
1223, 3365.99
1224, 3363.08
1225, 3363.08
1226, 3366.45
1227, 3369.92
1228, 3367.21
1229, 3370.49
1230, 3373.73
1231, 3373.06
1232, 3371.38
1233, 3369.68
1234, 3371.48
1235, 3364.63
1236, 3368.1
1237, 3372.37
1238, 3369.23
1239, 3369
1240, 3368.56
1241, 3368.09
1242, 3366.18
1243, 3369.46
1244, 3369.46
1245, 3367.08
1246, 3363.94
1247, 3363.7
1248, 3365.5
1249, 3366.5
1250, 3362.93
1251, 3362.93
1252, 3362.93
1253, 3366.29
1254, 3362.35
1255, 3367.06
1256, 3367.62
1257, 3366.95
1258, 3367.95
1259, 3363.81
1260, 3363.81
1261, 3364.71
1262, 3364.71
1263, 3367.94
1264, 3360.66
1265, 3360.66
1266, 3362.66
1267, 3360.99
1268, 3360.99
1269, 3363.56
1270, 3365.36
1271, 3365.36
1272, 3368.16
1273, 3364.02
1274, 3367.25
1275, 3363.68
1276, 3365.11
1277, 3371.86
1278, 3365.01
1279, 3365.01
1280, 3363.67
1281, 3365.9
1282, 3360.72
1283, 3362.52
1284, 3363.09
1285, 3362.42
1286, 3367.13
1287, 3360.71
1288, 3358.81
1289, 3364.32
1290, 3364.32
1291, 3367.92
1292, 3367.92
1293, 3364.98
1294, 3364.54
1295, 3364.54
1296, 3370.82
1297, 3365.44
1298, 3371.15
1299, 3358.92
1300, 3364.86
1301, 3364.86
1302, 3359.01
1303, 3360.81
1304, 3358.91
1305, 3364.85
1306, 3364.62
1307, 3362.71
1308, 3358.33
1309, 3366.75
1310, 3365.64
1311, 3366.64
1312, 3366.64
1313, 3367.21
1314, 3369.21
1315, 3368.54
1316, 3366.87
1317, 3361.45
1318, 3364.49
1319, 3362.58
1320, 3362.58
1321, 3359.21
1322, 3362.24
1323, 3366.95
1324, 3361.57
1325, 3364.81
1326, 3360.43
1327, 3358.53
1328, 3363.23
1329, 3362.13
1330, 3361.89
1331, 3359.19
1332, 3362.22
1333, 3363.22
1334, 3359.65
1335, 3359.65
1336, 3356.7
1337, 3361.78
1338, 3361.78
1339, 3361.78
1340, 3363.91
1341, 3363.68
1342, 3358.49
1343, 3355.59
1344, 3355.59
1345, 3366.37
1346, 3364.9
1347, 3364.9
1348, 3359.85
1349, 3359.85
1350, 3359.85
1351, 3360.18
1352, 3364.65
1353, 3363.98
1354, 3362.08
1355, 3363.08
1356, 3366.12
1357, 3359.5
1358, 3359.5
1359, 3359.6
1360, 3358.93
1361, 3359.49
1362, 3364.2
1363, 3364.2
1364, 3360.82
1365, 3367.57
1366, 3363.62
1367, 3357.57
1368, 3361.05
1369, 3360.81
1370, 3360.38
1371, 3361.14
1372, 3359.23
1373, 3358.56
1374, 3359.56
1375, 3360.13
1376, 3358.22
1377, 3358.22
1378, 3360.03
1379, 3362.03
1380, 3359.69
1381, 3360.69
1382, 3360.69
1383, 3364.72
1384, 3365.53
1385, 3360.11
1386, 3359.44
1387, 3361.24
1388, 3361.81
1389, 3361.81
1390, 3361.81
1391, 3355.29
1392, 3357.52
1393, 3357.52
1394, 3359.09
1395, 3358.66
1396, 3356.95
1397, 3362.46
1398, 3358.51
1399, 3359.08
1400, 3357.41
1401, 3363.12
1402, 3355.83
1403, 3358.07
1404, 3358.07
1405, 3359.63
1406, 3356.49
1407, 3357.49
1408, 3357.06
1409, 3357.06
1410, 3355.48
1411, 3357.72
1412, 3357.72
1413, 3361.32
1414, 3361.32
1415, 3363.32
1416, 3361.65
1417, 3358.71
1418, 3355.13
1419, 3355.13
1420, 3357.13
1421, 3355.23
1422, 3360.97
1423, 3360.97
1424, 3356.12
1425, 3355.88
1426, 3355.21
1427, 3359.49
1428, 3359.49
1429, 3359.82
1430, 3349.5
1431, 3356.44
1432, 3360.72
1433, 3357.57
1434, 3357.57
1435, 3357.9
1436, 3357.9
1437, 3351.62
1438, 3351.62
1439, 3351.62
1440, 3357.46
1441, 3358.46
1442, 3358.46
1443, 3352.61
1444, 3352.61
1445, 3355.41
1446, 3359.68
1447, 3358.21
1448, 3356.31
1449, 3353.4
1450, 3357.87
1451, 3358.44
1452, 3361.48
1453, 3362.48
1454, 3351.92
1455, 3359.1
1456, 3354.28
1457, 3354.28
1458, 3358.76
1459, 3358.09
1460, 3357.65
1461, 3357.65
1462, 3358.98
1463, 3358.98
1464, 3359.31
1465, 3351.23
1466, 3351.23
1467, 3355.26
1468, 3349.89
1469, 3354.36
1470, 3354.92
1471, 3346.84
1472, 3352.78
1473, 3352.35
1474, 3352.35
1475, 3354.91
1476, 3356.72
1477, 3358.95
1478, 3353.34
1479, 3350.43
1480, 3350.43
1481, 3358.18
1482, 3358.94
1483, 3352.09
1484, 3346.71
1485, 3346.71
1486, 3351.75
1487, 3359.73
1488, 3352.08
1489, 3352.65
1490, 3358.59
1491, 3356.68
1492, 3353.54
1493, 3354.54
1494, 3353.87
1495, 3356.91
1496, 3352.97
1497, 3346.12
1498, 3356.81
1499, 3352.63
1500, 3352.19
1501, 3354.19
1502, 3353.09
1503, 3353.09
1504, 3355.09
1505, 3350.71
1506, 3352.51
1507, 3354.75
1508, 3355.31
1509, 3352.61
1510, 3354.41
1511, 3347.79
1512, 3347.79
1513, 3352.4
1514, 3355.87
1515, 3355.87
1516, 3347.11
1517, 3347.11
1518, 3347.11
1519, 3352.39
1520, 3352.39
1521, 3351.24
1522, 3347.1
1523, 3347.1
1524, 3352.14
1525, 3351.71
1526, 3351.71
1527, 3353.04
1528, 3353.04
1529, 3352.13
1530, 3350.46
1531, 3354.93
1532, 3353.03
1533, 3351.12
1534, 3354.59
1535, 3355.16
1536, 3351.02
1537, 3350.11
1538, 3350.11
1539, 3350.87
1540, 3347.3
1541, 3347.3
1542, 3346.82
1543, 3346.15
1544, 3354.37
1545, 3354.37
1546, 3349.76
1547, 3350.52
1548, 3348.62
1549, 3352.89
1550, 3352.89
1551, 3358.17
1552, 3351.55
1553, 3351.55
1554, 3354.12
1555, 3346.03
1556, 3344.12
1557, 3352.54
1558, 3352.54
1559, 3343.78
1560, 3347.26
1561, 3347.26
1562, 3352.53
1563, 3351.86
1564, 3351.86
1565, 3349.72
1566, 3349.48
1567, 3351.28
1568, 3348.38
1569, 3348.38
1570, 3348.47
1571, 3347.8
1572, 3347.8
1573, 3348.13
1574, 3349.13
1575, 3350.93
1576, 3349.26
1577, 3349.26
1578, 3349.36
1579, 3349.92
1580, 3348.45
1581, 3346.11
1582, 3343.4
1583, 3344.4
1584, 3349.91
1585, 3352.15
1586, 3350.24
1587, 3343.63
1588, 3343.63
1589, 3352.37
1590, 3349.23
1591, 3349.23
1592, 3350.36
1593, 3351.36
1594, 3350.69
1595, 3351.69
1596, 3351.69
1597, 3349.55
1598, 3348.88
1599, 3348.65
1600, 3349.21
1601, 3352.49
1602, 3348.31
1603, 3346.63
1604, 3347.4
1605, 3351.67
1606, 3349.77
1607, 3349.77
1608, 3350.9
1609, 3350.9
1610, 3354.14
1611, 3348.09
1612, 3348.09
1613, 3350.89
1614, 3344.47
1615, 3349.18
1616, 3348.51
1617, 3349.08
1618, 3350.08
1619, 3348.17
1620, 3346.5
1621, 3354.68
1622, 3347.83
1623, 3347.83
1624, 3345.25
1625, 3345.25
1626, 3345.25
1627, 3343.68
1628, 3339.73
1629, 3339.73
1630, 3348.72
1631, 3349.72
1632, 3345.34
1633, 3348.61
1634, 3348.61
1635, 3349.94
1636, 3346.8
1637, 3344.09
1638, 3344.66
1639, 3347.69
1640, 3348.69
1641, 3344.32
1642, 3344.32
1643, 3342.17
1644, 3340.5
1645, 3340.5
1646, 3341.4
1647, 3341.4
1648, 3345.87
1649, 3347.67
1650, 3337.55
1651, 3346.33
1652, 3346.1
1653, 3346.1
1654, 3352.61
1655, 3345.99
1656, 3344.29
1657, 3341.14
1658, 3342.14
1659, 3340.24
1660, 3346.98
1661, 3347.98
1662, 3347.31
1663, 3339.23
1664, 3339.23
1665, 3346.97
1666, 3342.83
1667, 3343.59
1668, 3341.69
1669, 3341.69
1670, 3344.49
1671, 3337.64
1672, 3337.64
1673, 3342.91
1674, 3342.48
1675, 3342.48
1676, 3343.81
1677, 3344.81
1678, 3347.85
1679, 3341
1680, 3341
1681, 3339.66
1682, 3339.66
1683, 3339.66
1684, 3345.93
1685, 3346.73
1686, 3343.36
1687, 3343.36
1688, 3343.36
1689, 3341.78
1690, 3348.96
1691, 3348.96
1692, 3340.64
1693, 3338.73
1694, 3338.73
1695, 3339.06
1696, 3339.06
1697, 3336.48
1698, 3336.48
1699, 3336.48
1700, 3348.94
1701, 3341.09
1702, 3341.09
1703, 3342.42
1704, 3345.46
1705, 3343.55
1706, 3343.55
1707, 3343.55
1708, 3342.41
1709, 3330.85
1710, 3330.85
1711, 3340.4
1712, 3340.4
1713, 3340.4
1714, 3341.96
1715, 3343.96
1716, 3343.29
1717, 3340.15
1718, 3343.62
1719, 3340.48
1720, 3336.34
1721, 3336.34
1722, 3338.9
1723, 3338.23
1724, 3339.23
1725, 3337.56
1726, 3337.56
1727, 3335.99
1728, 3335.99
1729, 3336.75
1730, 3339.36
1731, 3344.06
1732, 3340.12
1733, 3338.45
1734, 3340.45
1735, 3338.54
1736, 3341.58
1737, 3341.58
1738, 3341.91
1739, 3335.3
1740, 3335.3
1741, 3346.52
1742, 3345.85
1743, 3341.47
1744, 3341.47
1745, 3342.23
1746, 3341.56
1747, 3338.42
1748, 3338.42
1749, 3338.31
1750, 3338.31
1751, 3339.08
1752, 3338.41
1753, 3344.35
1754, 3337.5
1755, 3339.3
1756, 3339.3
1757, 3339.63
1758, 3342.67
1759, 3342.67
1760, 3341.33
1761, 3341.53
1762, 3335.92
1763, 3338.95
1764, 3342.43
1765, 3336.81
1766, 3333.91
1767, 3333.91
1768, 3340.98
1769, 3340.98
1770, 3341.31
1771, 3332.42
1772, 3332.42
1773, 3331.52
1774, 3337.26
1775, 3341.74
1776, 3337.36
1777, 3334.45
1778, 3334.45
1779, 3341.96
1780, 3341.96
1781, 3338.15
1782, 3335.44
1783, 3335.44
1784, 3343.19
1785, 3341.52
1786, 3338.57
1787, 3339.14
1788, 3337.23
1789, 3334.52
1790, 3332.62
1791, 3332.62
1792, 3337.89
1793, 3336.22
1794, 3336.99
1795, 3338.79
1796, 3337.12
1797, 3337.12
1798, 3343.39
1799, 3344.39
1800, 3336.31
1801, 3335.87
1802, 3336.64
1803, 3338.44
1804, 3337.77
1805, 3338.77
1806, 3338.1
1807, 3337.43
1808, 3338.43
1809, 3336.76
1810, 3337.52
1811, 3336.42
1812, 3337.42
1813, 3334.71
1814, 3340.22
1815, 3333.37
1816, 3339.31
1817, 3342.35
1818, 3340.88
1819, 3337.74
1820, 3328.41
1821, 3338.07
1822, 3328.31
1823, 3328.31
1824, 3328.31
1825, 3335.39
1826, 3335.15
1827, 3334.48
1828, 3334.48
1829, 3336.48
1830, 3335.38
1831, 3335.38
1832, 3335.38
1833, 3338.74
1834, 3337.27
1835, 3337.27
1836, 3337.6
1837, 3337.6
1838, 3337.93
1839, 3337.26
1840, 3337.26
1841, 3340.06
1842, 3337.16
1843, 3337.16
1844, 3335.58
1845, 3335.58
1846, 3336.34
1847, 3335.67
1848, 3335.44
1849, 3333.53
1850, 3334.33
1851, 3337.57
1852, 3338.14
1853, 3330.29
1854, 3335.56
1855, 3335.56
1856, 3336.32
1857, 3331.95
1858, 3333.98
1859, 3333.98
1860, 3335.31
1861, 3327.46
1862, 3327.46
1863, 3327.79
1864, 3327.79
1865, 3330.36
1866, 3329.69
1867, 3330.69
1868, 3334.96
1869, 3335.77
1870, 3335.77
1871, 3339.57
1872, 3335.19
1873, 3334.95
1874, 3328.34
1875, 3328.34
1876, 3329.23
1877, 3332.71
1878, 3332.71
1879, 3331.37
1880, 3331.13
1881, 3331.13
1882, 3332.93
1883, 3334.93
1884, 3333.03
1885, 3331.36
1886, 3332.12
1887, 3333.49
1888, 3333.25
1889, 3328.07
1890, 3327.4
1891, 3332.91
1892, 3332.68
1893, 3335.71
1894, 3335.71
1895, 3334.37
1896, 3330.43
1897, 3330.43
1898, 3335.27
1899, 3335.03
1900, 3334.8
1901, 3334.36
1902, 3336.36
1903, 3335.69
1904, 3328.84
1905, 3328.84
1906, 3327.5
1907, 3327.5
1908, 3336.92
1909, 3332.11
1910, 3334.78
1911, 3337.81
1912, 3332.44
1913, 3332.44
1914, 3332.1
1915, 3332.1
1916, 3332.1
1917, 3323.54
1918, 3329.28
1919, 3329.28
1920, 3330.85
1921, 3330.38
1922, 3327.23
1923, 3331.75
1924, 3333.75
1925, 3329.37
1926, 3328.7
1927, 3330.93
1928, 3330.26
1929, 3330.26
1930, 3333.06
1931, 3327.45
1932, 3327.45
1933, 3327.78
1934, 3328.58
1935, 3330.58
1936, 3322.5
1937, 3324.53
1938, 3324.86
1939, 3324.86
1940, 3324.86
1941, 3327
1942, 3327
1943, 3327
1944, 3329.56
1945, 3332.6
1946, 3329.89
1947, 3328.22
1948, 3331.46
1949, 3330.79
1950, 3321.46
1951, 3329.88
1952, 3331.68
1953, 3328.78
1954, 3327.07
1955, 3330.11
1956, 3331.91
1957, 3328.77
1958, 3328.77
1959, 3333.24
1960, 3327.62
1961, 3323.25
1962, 3323.25
1963, 3331.79
1964, 3331.79
1965, 3331.79
1966, 3332.12
1967, 3331.65
1968, 3330.98
1969, 3330.31
1970, 3328.84
1971, 3330.64
1972, 3326.26
1973, 3326.26
1974, 3330.3
1975, 3330.87
1976, 3330.63
1977, 3329.96
1978, 3329.96
1979, 3332.76
1980, 3329.62
1981, 3329.62
1982, 3332.42
1983, 3335.46
1984, 3335.23
1985, 3329.85
1986, 3331.85
1987, 3328.27
1988, 3328.27
1989, 3328.27
1990, 3327.13
1991, 3332.64
1992, 3331.17
1993, 3332.97
1994, 3330.26
1995, 3330.83
1996, 3329.16
1997, 3333.63
1998, 3329.25
1999, 3330.05
2000, 3330.05
2001, 3331.38
2002, 3323.53
2003, 3323.53
2004, 3328.57
2005, 3328.57
2006, 3323.96
2007, 3320.81
2008, 3320.81
2009, 3326.89
2010, 3326.89
2011, 3326.89
2012, 3328.22
2013, 3327.98
2014, 3329.79
2015, 3330.35
2016, 3331.35
2017, 3325.74
2018, 3330.01
2019, 3331.01
2020, 3330.34
2021, 3323.73
2022, 3325.73
2023, 3330.24
2024, 3330.24
2025, 3324.15
2026, 3329.9
2027, 3325.72
2028, 3327.52
2029, 3329.56
2030, 3329.56
2031, 3324.94
2032, 3328.18
2033, 3326.27
2034, 3327.07
2035, 3327.07
2036, 3325.5
2037, 3328.97
2038, 3326.26
2039, 3329.3
2040, 3327.39
2041, 3326.72
2042, 3326.72
2043, 3326.72
2044, 3326.82
2045, 3331.09
2046, 3328.38
2047, 3326.48
2048, 3324.57
2049, 3324.57
2050, 3326.37
2051, 3327.14
2052, 3325.23
2053, 3323.56
2054, 3323.56
2055, 3327.36
2056, 3325.46
2057, 3325.46
2058, 3330.73
2059, 3330.49
2060, 3328.59
2061, 3326.68
2062, 3326.68
2063, 3325.34
2064, 3325.34
2065, 3327.34
2066, 3324.2
2067, 3323.77
2068, 3328.24
2069, 3331.28
2070, 3328.57
2071, 3325.43
2072, 3324.76
2073, 3324.52
2074, 3332.5
2075, 3330.83
2076, 3330.83
2077, 3332.16
2078, 3325.31
2079, 3323.4
2080, 3325.64
2081, 3325.64
2082, 3323.5
2083, 3326.77
2084, 3323.83
2085, 3322.72
2086, 3322.72
2087, 3322.72
2088, 3326.53
2089, 3323.82
2090, 3323.15
2091, 3323.95
2092, 3327.19
2093, 3325.28
2094, 3325.85
2095, 3325.61
2096, 3331.12
2097, 3331.12
2098, 3321.13
2099, 3321.13
2100, 3321.13
2101, 3327.4
2102, 3326.97
2103, 3327.73
2104, 3323.35
2105, 3322.68
2106, 3332.34
2107, 3321.78
2108, 3321.78
2109, 3325.81
2110, 3322.91
2111, 3326.14
2112, 3316.82
2113, 3322.57
2114, 3322.57
2115, 3322.9
2116, 3322.9
2117, 3326.7
2118, 3326.03
2119, 3326.03
2120, 3328.83
2121, 3320.98
2122, 3320.98
2123, 3326.02
2124, 3315.46
2125, 3316.46
2126, 3320.97
2127, 3324.21
2128, 3318.59
2129, 3326.81
2130, 3326.81
2131, 3323.2
2132, 3331.18
2133, 3328.47
2134, 3326.8
2135, 3327.57
2136, 3324.42
2137, 3320.04
2138, 3324.75
2139, 3324.08
2140, 3324.89
2141, 3321.94
2142, 3327.45
2143, 3322.27
2144, 3325.31
2145, 3324.64
2146, 3324.64
2147, 3323.73
2148, 3324.3
2149, 3324.3
2150, 3321.72
2151, 3321.72
2152, 3323.72
2153, 3321.82
2154, 3321.82
2155, 3319.24
2156, 3319.24
2157, 3323.71
2158, 3325.51
2159, 3325.08
2160, 3325.08
2161, 3325.17
2162, 3327.41
2163, 3325.5
2164, 3322.36
2165, 3322.36
2166, 3321.45
2167, 3319.78
2168, 3319.78
2169, 3319.88
2170, 3324.39
2171, 3324.72
2172, 3324.72
2173, 3319.3
2174, 3316.96
2175, 3325.38
2176, 3325.38
2177, 3319.09
2178, 3323.8
2179, 3317.39
2180, 3322.9
2181, 3320.19
2182, 3320.75
2183, 3325.03
2184, 3325.03
2185, 3325.36
2186, 3321.22
2187, 3320.74
2188, 3322.55
2189, 3320.88
2190, 3322.88
2191, 3319.73
2192, 3319.73
2193, 3318.83
2194, 3320.63
2195, 3320.63
2196, 3322.2
2197, 3321.76
2198, 3321.76
2199, 3322.09
2200, 3324.09
2201, 3321.75
2202, 3319.04
2203, 3320.04
2204, 3323.08
2205, 3320.17
2206, 3324.65
2207, 3326.45
2208, 3323.31
2209, 3323.07
2210, 3327.58
2211, 3327.58
2212, 3324.77
2213, 3324.77
2214, 3324.77
2215, 3320.72
2216, 3322.96
2217, 3323.96
2218, 3319.81
2219, 3321.81
2220, 3317.44
2221, 3319.24
2222, 3319.24
2223, 3316.66
2224, 3318.9
2225, 3318.66
2226, 3319.23
2227, 3321.46
2228, 3324.5
2229, 3325.07
2230, 3322.36
2231, 3320.45
2232, 3316.07
2233, 3316.07
2234, 3323.82
2235, 3323.15
2236, 3319.21
2237, 3317.54
2238, 3317.54
2239, 3318.87
2240, 3312.02
2241, 3312.02
2242, 3312.35
2243, 3314.38
2244, 3314.38
2245, 3318.99
2246, 3319.99
2247, 3320.99
2248, 3315.37
2249, 3315.37
2250, 3320.21
2251, 3320.21
2252, 3320.21
2253, 3318.64
2254, 3322.11
2255, 3321.44
2256, 3321.44
2257, 3321.44
2258, 3316.15
2259, 3316.15
2260, 3316.92
2261, 3317.48
2262, 3320.76
2263, 3322.76
2264, 3320.42
2265, 3320.42
2266, 3322.42
2267, 3320.51
2268, 3320.51
2269, 3321.64
2270, 3318.94
2271, 3318.94
2272, 3320.5
2273, 3321.3
2274, 3322.07
2275, 3320.4
2276, 3320.4
2277, 3320.49
2278, 3315.11
2279, 3318.35
2280, 3320.15
2281, 3321.95
2282, 3321.95
2283, 3324.99
2284, 3325.76
2285, 3316.43
2286, 3314.76
2287, 3315.53
2288, 3318.13
2289, 3320.37
2290, 3320.37
2291, 3316.99
2292, 3318.79
2293, 3318.55
2294, 3320.59
2295, 3320.59
2296, 3319.45
2297, 3312.84
2298, 3311.13
2299, 3310.02
2300, 3310.02
2301, 3318.2
2302, 3323.95
2303, 3324.71
2304, 3322.81
2305, 3318.67
2306, 3315.72
2307, 3320
2308, 3322.03
2309, 3314.15
2310, 3320.89
2311, 3320.22
2312, 3319.55
2313, 3318.08
2314, 3318.08
2315, 3322.12
2316, 3315.5
2317, 3315.5
2318, 3318.87
2319, 3318.87
2320, 3319.64
2321, 3320.2
2322, 3320.2
2323, 3318.06
2324, 3323.57
2325, 3323.57
2326, 3316.48
2327, 3323.23
2328, 3323.23
2329, 3321.09
2330, 3322.09
2331, 3314.8
2332, 3314.57
2333, 3314.57
2334, 3309.52
2335, 3317.93
2336, 3317.93
2337, 3319.5
2338, 3317.83
2339, 3318.16
2340, 3318.16
2341, 3318.16
2342, 3324.43
2343, 3311.64
2344, 3311.64
2345, 3311.3
2346, 3311.3
2347, 3317.01
2348, 3315.34
2349, 3315.34
2350, 3321.61
2351, 3318.71
2352, 3318.71
2353, 3313.85
2354, 3314.66
2355, 3314.66
2356, 3314.75
2357, 3316.79
2358, 3322.5
2359, 3318.12
2360, 3317.88
2361, 3317.21
2362, 3319.01
2363, 3319.01
2364, 3318.91
2365, 3318.91
2366, 3312.26
2367, 3318
2368, 3320
2369, 3314.39
2370, 3316.19
2371, 3315.96
2372, 3321.47
2373, 3314.62
2374, 3306.96
2375, 3317.42
2376, 3316.75
2377, 3316.51
2378, 3318.55
2379, 3321.79
2380, 3316.17
2381, 3310.79
2382, 3315.26
2383, 3323.25
2384, 3321.34
2385, 3322.34
2386, 3315.49
2387, 3312.78
2388, 3319.53
2389, 3321.33
2390, 3318.62
2391, 3319.19
2392, 3313.57
2393, 3313.57
2394, 3320.08
2395, 3319.85
2396, 3314.23
2397, 3316.04
2398, 3318.27
2399, 3311.42
2400, 3314.7
2401, 3314.7
2402, 3316.83
2403, 3316.83
2404, 3316.83
2405, 3319.39
2406, 3317.92
2407, 3312.31
2408, 3313.11
2409, 3313.11
2410, 3319.38
2411, 3317.48
2412, 3317.48
2413, 3320.28
2414, 3315.9
2415, 3315.66
2416, 3316.23
2417, 3316.23
2418, 3312.85
2419, 3319.6
2420, 3319.6
2421, 3314.98
2422, 3314.31
2423, 3313.64
2424, 3313.64
2425, 3313.64
2426, 3316.21
2427, 3311.83
2428, 3311.83
2429, 3313.4
2430, 3314.2
2431, 3314.2
2432, 3319.47
2433, 3319.47
2434, 3318.33
2435, 3325.31
2436, 3325.31
2437, 3315.52
2438, 3316.09
2439, 3316.09
2440, 3317.65
2441, 3316.98
2442, 3316.31
2443, 3319.78
2444, 3319.78
2445, 3317.21
2446, 3316.97
2447, 3316.97
2448, 3318.54
2449, 3318.1
2450, 3318.87
2451, 3317.2
2452, 3317.96
2453, 3319.76
2454, 3322.8
2455, 3323.8
2456, 3314.04
2457, 3313.81
2458, 3313.81
2459, 3315.37
2460, 3312.67
2461, 3316.94
2462, 3314.03
2463, 3314.03
2464, 3317.84
2465, 3309.99
2466, 3316.93
2467, 3319.53
2468, 3319.53
2469, 3319.06
2470, 3315.92
2471, 3320.63
2472, 3313.78
2473, 3317.05
2474, 3317.05
2475, 3316.71
2476, 3316.48
2477, 3316.48
2478, 3321.75
2479, 3320.28
2480, 3319.61
2481, 3315.46
2482, 3315.46
2483, 3321.74
2484, 3314.89
2485, 3314.89
2486, 3316.45
2487, 3313.55
2488, 3325.44
2489, 3317.59
2490, 3319.59
2491, 3318.92
2492, 3319.48
2493, 3315.54
2494, 3319.81
2495, 3317.91
2496, 3317.91
2497, 3318.24
2498, 3318.24
2499, 3313.19
2500, 3314.19
2501, 3314.19
2502, 3319.46
2503, 3318.79
2504, 3316.08
2505, 3319.12
2506, 3318.69
2507, 3320.69
2508, 3326.43
2509, 3313.6
2510, 3313.73
2511, 3320.91
2512, 3320.91
2513, 3316.3
2514, 3319.57
2515, 3317.86
2516, 3317.43
2517, 3317.43
2518, 3315.05
2519, 3317.09
2520, 3317.09
2521, 3320.46
2522, 3320.46
2523, 3320.46
2524, 3318.08
2525, 3316.41
2526, 3313.47
2527, 3321.68
2528, 3321.68
2529, 3316.4
2530, 3316.4
2531, 3316.4
2532, 3322.67
2533, 3322.24
2534, 3322.24
2535, 3315.15
2536, 3327.04
2537, 3320.19
2538, 3317.05
2539, 3319.29
2540, 3316.95
2541, 3316.71
2542, 3316.71
2543, 3325.69
2544, 3324.22
2545, 3316.13
2546, 3322.88
2547, 3322.88
2548, 3321.97
2549, 3316.36
2550, 3316.36
2551, 3324.11
2552, 3324.67
2553, 3324.44
2554, 3325
2555, 3326
2556, 3319.15
2557, 3322.43
2558, 3322.43
2559, 3317.57
2560, 3315.9
2561, 3322.85
2562, 3324.65
2563, 3321.94
2564, 3315.89
2565, 3319.37
2566, 3319.37
2567, 3319.26
2568, 3319.26
2569, 3319.26
2570, 3318.12
2571, 3317.69
2572, 3317.69
2573, 3315.31
2574, 3315.31
2575, 3321.82
2576, 3324.86
2577, 3319.68
2578, 3320.24
2579, 3319.81
2580, 3319.81
2581, 3321.14
2582, 3321.14
2583, 3323.94
2584, 3322.27
2585, 3322.27
2586, 3327.31
2587, 3321.93
2588, 3322.69
2589, 3330.68
2590, 3322.59
2591, 3322.35
2592, 3320.45
2593, 3320.45
2594, 3325.72
2595, 3324.05
2596, 3324.05
2597, 3321.67
2598, 3326.18
2599, 3326.18
2600, 3321.57
2601, 3321.57
2602, 3320.43
2603, 3318.52
2604, 3328.17
2605, 3323.79
2606, 3328.3
2607, 3328.3
2608, 3329.63
2609, 3326.49
2610, 3328.73
2611, 3328.06
2612, 3328.06
2613, 3317.26
2614, 3319.3
2615, 3319.3
2616, 3330.52
2617, 3326.38
2618, 3333.32
2619, 3325.24
2620, 3325
2621, 3331.75
2622, 3327.6
2623, 3323.42
2624, 3323.99
2625, 3325.79
2626, 3331.74
2627, 3332.3
2628, 3332.07
2629, 3322.74
2630, 3322.31
2631, 3322.31
2632, 3329.82
2633, 3330.39
2634, 3330.39
2635, 3330.28
2636, 3330.04
2637, 3329.81
2638, 3333.08
2639, 3330.14
2640, 3331.94
2641, 3332.74
2642, 3332.74
2643, 3326.66
2644, 3326.22
2645, 3326.22
2646, 3326.32
2647, 3327.32
2648, 3326.65
2649, 3324.74
2650, 3324.74
2651, 3328.78
2652, 3328.11
2653, 3328.11
2654, 3329.67
2655, 3331.48
2656, 3331.48
2657, 3330.57
2658, 3326.63
2659, 3330.9
2660, 3328.99
2661, 3332.47
2662, 3334.27
2663, 3332.36
2664, 3332.36
2665, 3335.16
2666, 3332.02
2667, 3333.82
2668, 3333.82
2669, 3333.82
2670, 3335.15
2671, 3328.54
2672, 3329.3
2673, 3332.34
2674, 3333.14
2675, 3337.62
2676, 3331
2677, 3331
2678, 3338.51
2679, 3336.61
2680, 3330.19
2681, 3336.5
2682, 3336.5
2683, 3336.03
2684, 3336.59
2685, 3336.36
2686, 3336.92
2687, 3330.31
2688, 3330.31
2689, 3340.29
2690, 3340.86
2691, 3340.86
2692, 3332.54
2693, 3338.05
2694, 3337.81
2695, 3329.96
2696, 3329.96
2697, 3333.76
2698, 3333.09
2699, 3339.04
2700, 3338.37
2701, 3337.7
2702, 3337.46
2703, 3340.73
2704, 3342.73
2705, 3340.83
2706, 3330.5
2707, 3330.5
2708, 3331.83
2709, 3332.64
2710, 3332.64
2711, 3340.15
2712, 3339.48
2713, 3340.48
2714, 3341.28
2715, 3343.28
2716, 3333.96
2717, 3339.47
2718, 3339.47
2719, 3338.56
2720, 3339.13
2721, 3337.65
2722, 3337.22
2723, 3337.22
2724, 3345.97
2725, 3340.59
2726, 3340.59
2727, 3341.92
2728, 3349.9
2729, 3349.9
2730, 3341.58
2731, 3345.05
2732, 3345.62
2733, 3347.42
2734, 3348.42
2735, 3339.9
2736, 3342.13
2737, 3345.61
2738, 3333.38
2739, 3333.38
2740, 3333.71
2741, 3333.71
2742, 3333.71
2743, 3335.04
2744, 3334.6
2745, 3334.6
2746, 3345.82
2747, 3344.15
2748, 3346.15
2749, 3340.54
2750, 3344.01
2751, 3342.1
2752, 3341.67
2753, 3341.67
2754, 3351.65
2755, 3342.57
2756, 3342.57
2757, 3345.13
2758, 3349.41
2759, 3349.17
2760, 3353.68
2761, 3353.68
2762, 3342.65
2763, 3333.56
2764, 3333.56
2765, 3339.84
2766, 3341.64
2767, 3353.76
2768, 3348.39
2769, 3347.91
2770, 3349.72
2771, 3349.28
2772, 3351.28
2773, 3344
2774, 3344
2775, 3344
2776, 3347.8
2777, 3353.31
2778, 3354.31
2779, 3350.17
2780, 3355.88
2781, 3356.44
2782, 3360.95
2783, 3353.06
2784, 3353.63
2785, 3359.38
2786, 3361.38
2787, 3345.87
2788, 3361.71
2789, 3356.09
2790, 3356.89
2791, 3356.89
2792, 3345.86
2793, 3345.43
2794, 3345.43
2795, 3354.17
2796, 3358.88
2797, 3353.27
2798, 3357.54
2799, 3357.54
2800, 3365.29
2801, 3357.44
2802, 3357.44
2803, 3356.3
2804, 3357.1
2805, 3357.86
2806, 3360.9
2807, 3358.19
2808, 3358.76
2809, 3353.14
2810, 3353.14
2811, 3360.89
2812, 3349.33
2813, 3349.33
2814, 3369.2
2815, 3359.08
2816, 3364.59
2817, 3355.26
2818, 3355.26
2819, 3361.78
2820, 3357.63
2821, 3357.63
2822, 3361.44
2823, 3358.53
2824, 3365.47
2825, 3364.8
2826, 3364.8
2827, 3363.9
2828, 3359.75
2829, 3359.75
2830, 3368.5
2831, 3363.12
2832, 3363.12
2833, 3360.98
2834, 3365.45
2835, 3366.02
2836, 3365.35
2837, 3365.35
2838, 3364.44
2839, 3366.48
2840, 3361.06
2841, 3356.69
2842, 3368.61
2843, 3365.67
2844, 3361.29
2845, 3361.29
2846, 3376.45
2847, 3372.31
2848, 3370.6
2849, 3374.88
2850, 3373.21
2851, 3373.21
2852, 3374.77
2853, 3376.77
2854, 3369.92
2855, 3375.67
2856, 3376.43
2857, 3374.53
2858, 3375.09
2859, 3375.09
2860, 3372.95
2861, 3378.46
2862, 3379.46
2863, 3372.61
2864, 3372.61
2865, 3371.7
2866, 3381.16
2867, 3381.16
2868, 3382.49
2869, 3383.29
2870, 3385.29
2871, 3385.86
2872, 3386.86
2873, 3386.19
2874, 3385.75
2875, 3385.75
2876, 3389.56
2877, 3379.23
2878, 3379.23
2879, 3394.16
2880, 3401.34
2881, 3390.78
2882, 3389.11
2883, 3389.11
2884, 3397.86
2885, 3407.31
2886, 3407.31
2887, 3408.64
2888, 3405.5
2889, 3405.5
2890, 3407.07
2891, 3407.07
2892, 3413.58
2893, 3415.38
2894, 3418.85
2895, 3416.95
2896, 3416.51
2897, 3416.51
2898, 3416.61
2899, 3416.61
2900, 3420.64
2901, 3427.39
2902, 3427.39
2903, 3426.48
2904, 3434.7
2905, 3439.18
2906, 3437.27
2907, 3440.54
2908, 3442.54
2909, 3445.82
2910, 3447.82
2911, 3444.68
2912, 3461.55
2913, 3461.55
2914, 3471.53
2915, 3473.57
2916, 3473.57
2917, 3466.48
2918, 3466.48
2919, 3478.94
2920, 3469.85
2921, 3469.85
2922, 3483.54
2923, 3490.53
2924, 3490.53
2925, 3486.91
2926, 3499.84
2927, 3499.6
2928, 3495.46
2929, 3495.46
2930, 3514.1
2931, 3523.55
2932, 3523.55
2933, 3554.55
2934, 3562.77
2935, 3562.77
2936, 3582.88
2937, 3584.88
2938, 3607.69
2939, 3631.98
2940, 3633.98
2941, 3700.06
2942, 3767.62
2943, 3767.62
2944, 3850.53
2945, 3850.53
