0, 6402.82
1, 5364.53
2, 5180.46
3, 4991.5
4, 4935.35
5, 4897.13
6, 4852.78
7, 4819.69
8, 4803.53
9, 4790.27
10, 4775.34
11, 4767.76
12, 4750.82
13, 4735.89
14, 4728.31
15, 4723.41
16, 4714.82
17, 4708.47
18, 4693.76
19, 4684.96
20, 4674.15
21, 4660.44
22, 4668.79
23, 4661.44
24, 4662.66
25, 4666.11
26, 4650.18
27, 4646.28
28, 4645.27
29, 4643.82
30, 4648.5
31, 4636.46
32, 4633.79
33, 4631.11
34, 4627.43
35, 4615.17
36, 4618.63
37, 4618.62
38, 4629.43
39, 4607.37
40, 4611.04
41, 4602.24
42, 4597.55
43, 4604.68
44, 4605.68
45, 4597.1
46, 4596.88
47, 4592.19
48, 4591.97
49, 4586.84
50, 4579.49
51, 4583.16
52, 4579.26
53, 4575.58
54, 4581.71
55, 4579.03
56, 4571.67
57, 4571.45
58, 4570.22
59, 4560.41
60, 4557.74
61, 4560.41
62, 4560.18
63, 4558.73
64, 4557.5
65, 4560.96
66, 4550.15
67, 4542.57
68, 4549.7
69, 4553.37
70, 4538.66
71, 4540.89
72, 4544.79
73, 4544.34
74, 4534.75
75, 4530.85
76, 4534.3
77, 4534.52
78, 4536.75
79, 4536.52
80, 4531.62
81, 4526.71
82, 4526.71
83, 4520.36
84, 4526.26
85, 4524.03
86, 4514
87, 4513.78
88, 4516.45
89, 4513.77
90, 4507.42
91, 4516
92, 4515.77
93, 4519.67
94, 4515.77
95, 4514.31
96, 4511.86
97, 4514.31
98, 4517.76
99, 4520.21
100, 4516.53
101, 4510.18
102, 4513.85
103, 4514.85
104, 4502.6
105, 4513.62
106, 4508.5
107, 4506.04
108, 4508.49
109, 4508.27
110, 4510.71
111, 4511.71
112, 4507.03
113, 4510.49
114, 4510.49
115, 4508.03
116, 4506.58
117, 4506.58
118, 4506.35
119, 4496.54
120, 4496.54
121, 4498.77
122, 4497.32
123, 4498.54
124, 4493.64
125, 4498.31
126, 4489.73
127, 4488.5
128, 4487.05
129, 4488.28
130, 4495.4
131, 4491.73
132, 4494.17
133, 4486.6
134, 4482.92
135, 4481.69
136, 4485.14
137, 4486.36
138, 4491.04
139, 4478.78
140, 4481.23
141, 4481.23
142, 4482.45
143, 4478.55
144, 4482
145, 4481
146, 4473.42
147, 4478.32
148, 4475.64
149, 4480.32
150, 4473.19
151, 4483.99
152, 4480.09
153, 4476.63
154, 4471.51
155, 4470.06
156, 4467.83
157, 4462.47
158, 4467.6
159, 4466.15
160, 4467.15
161, 4468.37
162, 4473.27
163, 4473.27
164, 4468.14
165, 4468.36
166, 4466.91
167, 4467.91
168, 4470.14
169, 4462.78
170, 4462.78
171, 4462.55
172, 4469.9
173, 4468.68
174, 4468.68
175, 4469.67
176, 4464.55
177, 4459.64
178, 4459.64
179, 4448.38
180, 4449.83
181, 4453.28
182, 4454.28
183, 4455.51
184, 4457.96
185, 4451.6
186, 4455.28
187, 4451.37
188, 4448.92
189, 4455.27
190, 4454.82
191, 4440.34
192, 4437.66
193, 4447.24
194, 4455.82
195, 4451.91
196, 4448.46
197, 4443.33
198, 4440.65
199, 4445.78
200, 4448
201, 4437.97
202, 4445.32
203, 4447.55
204, 4442.87
205, 4442.64
206, 4441.19
207, 4438.96
208, 4442.41
209, 4436.06
210, 4438.73
211, 4431.15
212, 4433.38
213, 4435.83
214, 4435.83
215, 4434.37
216, 4429.47
217, 4431.7
218, 4421.89
219, 4419.44
220, 4427.79
221, 4429.01
222, 4433.69
223, 4431.24
224, 4427.56
225, 4432.23
226, 4427.55
227, 4429.78
228, 4429.55
229, 4417.3
230, 4429.77
231, 4433
232, 4427.1
233, 4427.87
234, 4412.16
235, 4415.61
236, 4415.61
237, 4423.96
238, 4419.28
239, 4422.51
240, 4415.15
241, 4414.93
242, 4417.6
243, 4414.92
244, 4414.92
245, 4417.15
246, 4409.79
247, 4409.79
248, 4412.02
249, 4416.92
250, 4415.69
251, 4409.33
252, 4412.79
253, 4417.69
254, 4412.78
255, 4412.78
256, 4410.1
257, 4400.3
258, 4400.3
259, 4413.55
260, 4401.07
261, 4403.52
262, 4400.06
263, 4408.19
264, 4402.29
265, 4404.51
266, 4404.51
267, 4401.83
268, 4403.06
269, 4405.28
270, 4401.6
271, 4401.6
272, 4401.6
273, 4394.02
274, 4392.57
275, 4395.24
276, 4395.02
277, 4396.02
278, 4392.34
279, 4388.43
280, 4404.36
281, 4394.56
282, 4394.56
283, 4398.01
284, 4388.43
285, 4390.43
286, 4385.75
287, 4386.75
288, 4384.07
289, 4391.42
290, 4393.65
291, 4396.09
292, 4387.51
293, 4397.09
294, 4385.06
295, 4386.06
296, 4391.96
297, 4390.73
298, 4385.6
299, 4384.6
300, 4384.6
301, 4384.6
302, 4375.57
303, 4374.57
304, 4380.24
305, 4382.92
306, 4375.34
307, 4374.11
308, 4375.11
309, 4383.46
310, 4381.01
311, 4378.56
312, 4383.23
313, 4373.65
314, 4372.2
315, 4373.42
316, 4370.75
317, 4372.97
318, 4370.74
319, 4370.52
320, 4370.52
321, 4375.19
322, 4371.51
323, 4374.96
324, 4366.38
325, 4369.83
326, 4372.28
327, 4368.83
328, 4368.83
329, 4364.7
330, 4365.92
331, 4364.47
332, 4363.24
333, 4360.79
334, 4357.11
335, 4363.01
336, 4363.01
337, 4359.33
338, 4361.56
339, 4360.11
340, 4361.33
341, 4358.88
342, 4352.52
343, 4358.65
344, 4363.33
345, 4362.1
346, 4359.65
347, 4356.97
348, 4355.74
349, 4355.74
350, 4355.51
351, 4350.61
352, 4350.61
353, 4346.71
354, 4345.7
355, 4352.61
356, 4354.05
357, 4346.47
358, 4346.47
359, 4355.05
360, 4345.02
361, 4346.02
362, 4343.79
363, 4348.24
364, 4349.47
365, 4341.11
366, 4348.01
367, 4345.78
368, 4343.11
369, 4344.11
370, 4342.88
371, 4345.1
372, 4341.65
373, 4341.65
374, 4343.65
375, 4340.19
376, 4340.19
377, 4342.19
378, 4340.97
379, 4336.06
380, 4336.06
381, 4338.51
382, 4340.51
383, 4336.83
384, 4329.48
385, 4329.48
386, 4335.38
387, 4330.47
388, 4330.47
389, 4334.14
390, 4335.14
391, 4332.69
392, 4332.47
393, 4332.47
394, 4326.11
395, 4325.11
396, 4330.78
397, 4324.65
398, 4322.43
399, 4333.01
400, 4323.2
401, 4335.23
402, 4326.65
403, 4325.42
404, 4327.65
405, 4332.55
406, 4321.74
407, 4329.87
408, 4331.09
409, 4323.51
410, 4325.96
411, 4318.83
412, 4319.61
413, 4325.73
414, 4319.6
415, 4319.6
416, 4318.15
417, 4319.37
418, 4313.02
419, 4315.47
420, 4321.37
421, 4319.14
422, 4319.14
423, 4319.14
424, 4314.01
425, 4313.78
426, 4318.46
427, 4315.01
428, 4313.33
429, 4312.1
430, 4312.1
431, 4311.87
432, 4313.1
433, 4313.1
434, 4309.19
435, 4311.64
436, 4310.41
437, 4315.09
438, 4312.86
439, 4316.09
440, 4312.41
441, 4303.83
442, 4303.83
443, 4302.6
444, 4304.83
445, 4304.6
446, 4303.6
447, 4305.6
448, 4301.92
449, 4303.37
450, 4303.37
451, 4305.37
452, 4298.01
453, 4305.14
454, 4299.01
455, 4297.56
456, 4307.36
457, 4303.68
458, 4308.36
459, 4297.55
460, 4301
461, 4301
462, 4291.19
463, 4291.19
464, 4291.19
465, 4290.96
466, 4294.19
467, 4294.19
468, 4291.73
469, 4291.73
470, 4296.41
471, 4288.05
472, 4293.73
473, 4290.27
474, 4288.82
475, 4286.37
476, 4289.82
477, 4287.14
478, 4285.92
479, 4289.82
480, 4288.14
481, 4284.46
482, 4290.59
483, 4282.01
484, 4285.46
485, 4285.23
486, 4284.23
487, 4285.23
488, 4282.55
489, 4286.23
490, 4277.87
491, 4283.55
492, 4283.55
493, 4283.55
494, 4274.96
495, 4277.19
496, 4277.19
497, 4284.31
498, 4278.41
499, 4281.63
500, 4279.18
501, 4275.5
502, 4281.4
503, 4280.18
504, 4281.18
505, 4271.59
506, 4276.27
507, 4274.82
508, 4272.59
509, 4271.14
510, 4275.82
511, 4273.36
512, 4273.14
513, 4270.91
514, 4271.91
515, 4271.91
516, 4272.9
517, 4270.45
518, 4270.45
519, 4267.77
520, 4270
521, 4266.32
522, 4265.32
523, 4265.32
524, 4272.22
525, 4262.41
526, 4265.86
527, 4265.86
528, 4269.54
529, 4270.54
530, 4265.63
531, 4266.63
532, 4261.95
533, 4261.95
534, 4267.63
535, 4262.72
536, 4261.49
537, 4263.72
538, 4262.72
539, 4263.72
540, 4256.36
541, 4261.04
542, 4265.71
543, 4263.26
544, 4257.36
545, 4258.13
546, 4253.45
547, 4254.45
548, 4254.45
549, 4251.77
550, 4251.77
551, 4248.09
552, 4248.09
553, 4248.09
554, 4246.63
555, 4246.41
556, 4246.18
557, 4247.63
558, 4247.63
559, 4249.63
560, 4252.08
561, 4252.08
562, 4255.53
563, 4250.62
564, 4247.95
565, 4254.07
566, 4252.85
567, 4249.17
568, 4248.94
569, 4243.81
570, 4241.36
571, 4243.81
572, 4243.81
573, 4245.03
574, 4242.35
575, 4247.03
576, 4248.25
577, 4244.35
578, 4238.45
579, 4243.12
580, 4243.12
581, 4241.67
582, 4242.89
583, 4242.89
584, 4243.89
585, 4236.54
586, 4238.76
587, 4236.53
588, 4236.53
589, 4236.08
590, 4241.21
591, 4237.08
592, 4238.3
593, 4239.75
594, 4240.53
595, 4239.52
596, 4239.07
597, 4234.39
598, 4234.39
599, 4234.39
600, 4234.16
601, 4234.16
602, 4234.16
603, 4233.71
604, 4234.71
605, 4235.93
606, 4229.8
607, 4229.58
608, 4229.57
609, 4227.12
610, 4230.57
611, 4228.12
612, 4227.12
613, 4234.02
614, 4230.34
615, 4230.11
616, 4228.89
617, 4223.98
618, 4226.21
619, 4226.21
620, 4225.2
621, 4223.53
622, 4218.62
623, 4219.62
624, 4223.52
625, 4223.3
626, 4221.84
627, 4223.29
628, 4221.84
629, 4222.84
630, 4226.52
631, 4216.93
632, 4222.61
633, 4222.61
634, 4221.16
635, 4218.7
636, 4216.25
637, 4216.25
638, 4215.02
639, 4215.02
640, 4217.02
641, 4213.57
642, 4218.24
643, 4213.34
644, 4213.34
645, 4212.89
646, 4209.43
647, 4209.43
648, 4209.43
649, 4208.98
650, 4216.56
651, 4215.1
652, 4215.1
653, 4215.1
654, 4212.42
655, 4207.29
656, 4207.07
657, 4203.61
658, 4203.61
659, 4209.29
660, 4208.29
661, 4205.39
662, 4207.83
663, 4212.96
664, 4201.48
665, 4206.6
666, 4206.6
667, 4206.15
668, 4206.15
669, 4201.25
670, 4202.25
671, 4204.92
672, 4204.92
673, 4203.24
674, 4202.01
675, 4202.01
676, 4201.79
677, 4197.11
678, 4202.78
679, 4199.1
680, 4205.01
681, 4196.65
682, 4196.65
683, 4196.65
684, 4197.42
685, 4197.65
686, 4204.55
687, 4198.42
688, 4193.51
689, 4191.06
690, 4193.29
691, 4197.96
692, 4194.28
693, 4196.96
694, 4197.73
695, 4198.96
696, 4193.05
697, 4195.05
698, 4196.28
699, 4188.7
700, 4193.6
701, 4188.69
702, 4188.69
703, 4194.59
704, 4189.69
705, 4189.69
706, 4187.23
707, 4192.91
708, 4184.33
709, 4190.46
710, 4184.1
711, 4182.88
712, 4183.1
713, 4180.2
714, 4185.1
715, 4186.32
716, 4186.32
717, 4184.87
718, 4184.87
719, 4183.41
720, 4180.96
721, 4180.96
722, 4180.73
723, 4180.73
724, 4179.28
725, 4179.28
726, 4179.28
727, 4182.73
728, 4179.05
729, 4171.47
730, 4175.14
731, 4172.92
732, 4172.92
733, 4178.59
734, 4177.59
735, 4176.14
736, 4176.14
737, 4176.14
738, 4173.23
739, 4167.33
740, 4175.45
741, 4170.77
742, 4169.32
743, 4175.22
744, 4174
745, 4173.77
746, 4172.54
747, 4171.32
748, 4168.64
749, 4168.64
750, 4166.18
751, 4166.18
752, 4168.41
753, 4169.63
754, 4168.18
755, 4165.73
756, 4165.73
757, 4162.05
758, 4162.05
759, 4164.05
760, 4167.72
761, 4165.49
762, 4162.59
763, 4162.59
764, 4161.14
765, 4167.26
766, 4163.58
767, 4163.58
768, 4163.36
769, 4163.36
770, 4160.68
771, 4160.9
772, 4160.67
773, 4159.45
774, 4159.22
775, 4159.22
776, 4160.22
777, 4156.77
778, 4157.54
779, 4156.54
780, 4148.96
781, 4148.96
782, 4147.73
783, 4155.86
784, 4158.31
785, 4155.85
786, 4155.85
787, 4155.63
788, 4158.3
789, 4158.3
790, 4154.17
791, 4154.17
792, 4155.17
793, 4149.04
794, 4149.04
795, 4140.46
796, 4153.71
797, 4153.71
798, 4151.26
799, 4146.13
800, 4147.13
801, 4146.13
802, 4146.13
803, 4151.8
804, 4146.9
805, 4146.9
806, 4141.99
807, 4141.99
808, 4147.67
809, 4145.44
810, 4146.21
811, 4144.99
812, 4142.53
813, 4142.53
814, 4137.63
815, 4137.63
816, 4137.63
817, 4138.4
818, 4138.4
819, 4136.94
820, 4139.62
821, 4139.62
822, 4134.49
823, 4134.49
824, 4134.49
825, 4132.81
826, 4135.26
827, 4135.26
828, 4134.03
829, 4136.03
830, 4133.58
831, 4132.57
832, 4133.35
833, 4134.57
834, 4132.12
835, 4132.12
836, 4130.67
837, 4129.44
838, 4130.44
839, 4132.89
840, 4132.66
841, 4130.21
842, 4132.66
843, 4133.66
844, 4127.53
845, 4131.2
846, 4129.75
847, 4130.98
848, 4131.98
849, 4124.62
850, 4127.07
851, 4129.29
852, 4127.06
853, 4127.06
854, 4132.74
855, 4121.71
856, 4121.48
857, 4123.93
858, 4124.16
859, 4126.16
860, 4124.93
861, 4123.93
862, 4122.25
863, 4117.57
864, 4118.57
865, 4118.57
866, 4117.34
867, 4117.34
868, 4119.56
869, 4119.56
870, 4119.56
871, 4119.11
872, 4119.11
873, 4117.66
874, 4116.43
875, 4116.43
876, 4116.2
877, 4112.52
878, 4112.52
879, 4115.97
880, 4108.62
881, 4114.52
882, 4118.19
883, 4112.29
884, 4114.29
885, 4108.38
886, 4108.38
887, 4109.38
888, 4112.83
889, 4111.38
890, 4108.93
891, 4104.25
892, 4108.7
893, 4100.12
894, 4100.12
895, 4110.92
896, 4108.69
897, 4108.69
898, 4108.46
899, 4103.34
900, 4105.56
901, 4105.56
902, 4103.11
903, 4106.56
904, 4102.88
905, 4103.88
906, 4106.33
907, 4098.97
908, 4098.97
909, 4102.42
910, 4103.64
911, 4107.1
912, 4101.19
913, 4099.51
914, 4099.51
915, 4100.96
916, 4102.96
917, 4099.28
918, 4095.6
919, 4095.6
920, 4100.28
921, 4093.92
922, 4093.92
923, 4092.92
924, 4090.02
925, 4091.47
926, 4091.47
927, 4091.47
928, 4092.24
929, 4092.24
930, 4090.78
931, 4096.91
932, 4093.01
933, 4090.55
934, 4088.33
935, 4088.33
936, 4086.65
937, 4088.1
938, 4085.2
939, 4083.97
940, 4086.42
941, 4085.19
942, 4085.19
943, 4085.19
944, 4083.73
945, 4083.73
946, 4083.73
947, 4082.06
948, 4083.5
949, 4083.5
950, 4086.73
951, 4088.95
952, 4082.82
953, 4083.05
954, 4083.05
955, 4085.27
956, 4085.27
957, 4081.14
958, 4081.14
959, 4081.14
960, 4085.81
961, 4079.68
962, 4080.68
963, 4080.68
964, 4080.68
965, 4082.9
966, 4078
967, 4075.55
968, 4075.32
969, 4076.77
970, 4072.64
971, 4076.32
972, 4076.32
973, 4073.64
974, 4072.63
975, 4072.63
976, 4073.41
977, 4073.63
978, 4074.41
979, 4074.4
980, 4070.73
981, 4072.95
982, 4069.27
983, 4067.04
984, 4067.04
985, 4070.27
986, 4069.04
987, 4069.04
988, 4069.04
989, 4069.04
990, 4066.13
991, 4066.13
992, 4066.13
993, 4067.13
994, 4058.77
995, 4058.77
996, 4063.45
997, 4065.45
998, 4064.22
999, 4061.99
1000, 4061.99
1001, 4062.99
1002, 4063.99
1003, 4062.54
1004, 4061.31
1005, 4064.76
1006, 4057.41
1007, 4057.4
1008, 4065.76
1009, 4057.18
1010, 4055.95
1011, 4058.18
1012, 4058.17
1013, 4061.85
1014, 4061.62
1015, 4059.17
1016, 4061.39
1017, 4057.94
1018, 4057.94
1019, 4053.81
1020, 4052.58
1021, 4054.03
1022, 4054.03
1023, 4053.58
1024, 4048.45
1025, 4049.68
1026, 4051.12
1027, 4051.12
1028, 4055.57
1029, 4049.67
1030, 4052.89
1031, 4051.67
1032, 4043.31
1033, 4043.31
1034, 4048.99
1035, 4048.99
1036, 4048.76
1037, 4045.31
1038, 4044.85
1039, 4043.85
1040, 4043.85
1041, 4043.85
1042, 4048.3
1043, 4048.3
1044, 4040.72
1045, 4040.72
1046, 4040.72
1047, 4040.49
1048, 4044.16
1049, 4043.94
1050, 4043.94
1051, 4042.93
1052, 4037.8
1053, 4037.8
1054, 4037.8
1055, 4035.12
1056, 4035.12
1057, 4037.12
1058, 4037.34
1059, 4037.34
1060, 4040.57
1061, 4038.12
1062, 4036.67
1063, 4037.89
1064, 4035.44
1065, 4035.44
1066, 4032.98
1067, 4032.98
1068, 4032.98
1069, 4037.43
1070, 4028.85
1071, 4035.98
1072, 4031.07
1073, 4030.85
1074, 4032.29
1075, 4032.29
1076, 4028.17
1077, 4028.16
1078, 4030.84
1079, 4035.29
1080, 4035.51
1081, 4036.29
1082, 4032.61
1083, 4020.58
1084, 4028.7
1085, 4029.93
1086, 4027.7
1087, 4027.7
1088, 4028.47
1089, 4023.57
1090, 4023.34
1091, 4028.24
1092, 4029.24
1093, 4024.34
1094, 4024.34
1095, 4024.34
1096, 4020.66
1097, 4020.66
1098, 4018.98
1099, 4020.43
1100, 4026.1
1101, 4024.88
1102, 4016.52
1103, 4016.52
1104, 4017.29
1105, 4013.84
1106, 4013.84
1107, 4019.51
1108, 4017.06
1109, 4018.06
1110, 4019.29
1111, 4021.51
1112, 4020.28
1113, 4017.83
1114, 4017.83
1115, 4015.37
1116, 4015.37
1117, 4017.37
1118, 4015.15
1119, 4015.15
1120, 4019.6
1121, 4012.47
1122, 4012.47
1123, 4010.79
1124, 4008.33
1125, 4006.88
1126, 4003.43
1127, 4003.43
1128, 4005.43
1129, 4004.43
1130, 4004.43
1131, 4011.33
1132, 4005.2
1133, 4009.87
1134, 4008.64
1135, 4007.64
1136, 4009.64
1137, 4004.96
1138, 4006.96
1139, 4003.51
1140, 4003.51
1141, 3998.16
1142, 3998.15
1143, 4005.73
1144, 4005.73
1145, 4000.6
1146, 4002.6
1147, 3995.47
1148, 4000.15
1149, 3997.47
1150, 3996.46
1151, 3996.46
1152, 3996.46
1153, 4000.91
1154, 4003.36
1155, 4003.14
1156, 4000.91
1157, 3999.23
1158, 3990.87
1159, 3990.87
1160, 3999
1161, 4000.23
1162, 3994.32
1163, 3998.77
1164, 3997.55
1165, 3994.87
1166, 3996.32
1167, 3996.32
1168, 3996.32
1169, 3989.96
1170, 3989.96
1171, 3989.96
1172, 3996.86
1173, 3991.95
1174, 3990.73
1175, 3991.73
1176, 3991.73
1177, 3988.05
1178, 3993.95
1179, 3992.5
1180, 3990.04
1181, 3982.91
1182, 3984.91
1183, 3986.36
1184, 3986.36
1185, 3993.26
1186, 3988.36
1187, 3988.36
1188, 3990.58
1189, 3984.45
1190, 3984.45
1191, 3984.45
1192, 3986.67
1193, 3987.67
1194, 3985.22
1195, 3985.22
1196, 3984.99
1197, 3986.44
1198, 3985.99
1199, 3982.54
1200, 3971.28
1201, 3970.05
1202, 3979.63
1203, 3979.63
1204, 3980.63
1205, 3975.72
1206, 3975.72
1207, 3975.5
1208, 3975.72
1209, 3975.27
1210, 3976.49
1211, 3976.49
1212, 3978.72
1213, 3973.81
1214, 3969.91
1215, 3968.68
1216, 3967.68
1217, 3975.81
1218, 3973.35
1219, 3973.35
1220, 3969.67
1221, 3969.67
1222, 3969.67
1223, 3969.22
1224, 3965.77
1225, 3965.77
1226, 3967.99
1227, 3971.44
1228, 3968.76
1229, 3971.44
1230, 3974.66
1231, 3973.44
1232, 3971.21
1233, 3969.53
1234, 3970.75
1235, 3963.4
1236, 3966.85
1237, 3970.53
1238, 3966.85
1239, 3966.62
1240, 3965.62
1241, 3965.17
1242, 3962.71
1243, 3965.39
1244, 3965.39
1245, 3962.48
1246, 3958.81
1247, 3958.58
1248, 3959.8
1249, 3960.8
1250, 3956.12
1251, 3956.12
1252, 3956.12
1253, 3958.34
1254, 3954.44
1255, 3959.12
1256, 3959.12
1257, 3957.89
1258, 3958.89
1259, 3954.21
1260, 3954.21
1261, 3953.98
1262, 3953.98
1263, 3957.21
1264, 3948.85
1265, 3948.85
1266, 3950.85
1267, 3948.62
1268, 3948.62
1269, 3950.62
1270, 3951.84
1271, 3951.84
1272, 3954.07
1273, 3949.39
1274, 3952.61
1275, 3947.93
1276, 3949.93
1277, 3956.06
1278, 3948.7
1279, 3948.7
1280, 3946.25
1281, 3948.47
1282, 3943.35
1283, 3944.57
1284, 3944.57
1285, 3943.34
1286, 3948.02
1287, 3941.66
1288, 3939.21
1289, 3944.11
1290, 3944.11
1291, 3946.56
1292, 3946.56
1293, 3943.66
1294, 3942.65
1295, 3942.65
1296, 3948.33
1297, 3942.42
1298, 3948.1
1299, 3934.84
1300, 3940.74
1301, 3940.74
1302, 3934.39
1303, 3935.61
1304, 3933.16
1305, 3939.06
1306, 3938.83
1307, 3936.38
1308, 3931.48
1309, 3939.83
1310, 3937.6
1311, 3938.6
1312, 3938.6
1313, 3938.6
1314, 3940.6
1315, 3939.37
1316, 3937.14
1317, 3931.79
1318, 3934.24
1319, 3931.79
1320, 3931.79
1321, 3927.88
1322, 3930.33
1323, 3935.01
1324, 3929.1
1325, 3932.33
1326, 3927.42
1327, 3924.97
1328, 3929.65
1329, 3927.42
1330, 3927.19
1331, 3924.52
1332, 3926.96
1333, 3927.96
1334, 3923.28
1335, 3923.28
1336, 3920.38
1337, 3924.28
1338, 3924.28
1339, 3924.28
1340, 3925.28
1341, 3925.05
1342, 3919.92
1343, 3916.47
1344, 3916.47
1345, 3926.04
1346, 3924.59
1347, 3924.59
1348, 3918.46
1349, 3918.46
1350, 3918.46
1351, 3918.23
1352, 3922.68
1353, 3921.46
1354, 3919
1355, 3920
1356, 3922.45
1357, 3915.32
1358, 3915.32
1359, 3914.87
1360, 3913.64
1361, 3913.64
1362, 3918.32
1363, 3918.32
1364, 3914.41
1365, 3920.54
1366, 3916.64
1367, 3909.5
1368, 3912.95
1369, 3912.73
1370, 3911.73
1371, 3912.5
1372, 3910.05
1373, 3908.82
1374, 3909.82
1375, 3909.82
1376, 3907.37
1377, 3907.37
1378, 3908.59
1379, 3910.59
1380, 3907.13
1381, 3908.13
1382, 3908.13
1383, 3911.58
1384, 3911.81
1385, 3906.45
1386, 3905.22
1387, 3906.45
1388, 3906.45
1389, 3906.45
1390, 3906.45
1391, 3898.86
1392, 3901.09
1393, 3901.09
1394, 3902.09
1395, 3901.08
1396, 3899.41
1397, 3904.31
1398, 3900.41
1399, 3900.4
1400, 3898.18
1401, 3903.85
1402, 3895.5
1403, 3897.72
1404, 3897.72
1405, 3898.72
1406, 3895.04
1407, 3896.04
1408, 3895.04
1409, 3895.04
1410, 3892.36
1411, 3894.58
1412, 3894.58
1413, 3897.03
1414, 3897.03
1415, 3899.03
1416, 3896.8
1417, 3893.9
1418, 3889.22
1419, 3889.22
1420, 3891.22
1421, 3888.77
1422, 3893.89
1423, 3893.89
1424, 3888.54
1425, 3888.31
1426, 3887.08
1427, 3890.76
1428, 3890.76
1429, 3890.53
1430, 3879.72
1431, 3886.63
1432, 3890.3
1433, 3886.62
1434, 3886.62
1435, 3886.39
1436, 3886.39
1437, 3879.04
1438, 3879.04
1439, 3879.04
1440, 3883.71
1441, 3884.71
1442, 3884.71
1443, 3878.35
1444, 3878.35
1445, 3880.58
1446, 3884.25
1447, 3882.8
1448, 3880.35
1449, 3876.89
1450, 3881.35
1451, 3881.34
1452, 3883.79
1453, 3884.79
1454, 3873.76
1455, 3880.89
1456, 3874.98
1457, 3874.98
1458, 3879.43
1459, 3878.2
1460, 3877.2
1461, 3877.2
1462, 3877.98
1463, 3877.98
1464, 3877.75
1465, 3869.17
1466, 3869.17
1467, 3872.62
1468, 3866.71
1469, 3871.16
1470, 3871.16
1471, 3862.58
1472, 3868.48
1473, 3867.48
1474, 3867.48
1475, 3869.48
1476, 3870.7
1477, 3872.93
1478, 3866.8
1479, 3863.34
1480, 3863.34
1481, 3870.47
1482, 3871.24
1483, 3863.89
1484, 3857.98
1485, 3857.98
1486, 3862.43
1487, 3869.78
1488, 3862.2
1489, 3862.2
1490, 3868.11
1491, 3865.65
1492, 3861.97
1493, 3862.97
1494, 3861.75
1495, 3864.19
1496, 3860.29
1497, 3852.94
1498, 3862.96
1499, 3858.84
1500, 3857.84
1501, 3859.84
1502, 3857.61
1503, 3857.61
1504, 3859.61
1505, 3854.7
1506, 3855.92
1507, 3858.15
1508, 3858.15
1509, 3855.47
1510, 3856.69
1511, 3849.56
1512, 3849.56
1513, 3853.01
1514, 3856.46
1515, 3856.46
1516, 3846.65
1517, 3846.65
1518, 3846.65
1519, 3851.33
1520, 3851.33
1521, 3849.65
1522, 3844.97
1523, 3844.97
1524, 3849.42
1525, 3848.42
1526, 3848.42
1527, 3849.19
1528, 3849.19
1529, 3847.74
1530, 3845.51
1531, 3849.96
1532, 3847.51
1533, 3845.05
1534, 3848.51
1535, 3848.5
1536, 3843.82
1537, 3842.37
1538, 3842.37
1539, 3843.15
1540, 3838.47
1541, 3838.47
1542, 3838.01
1543, 3836.79
1544, 3844.36
1545, 3844.36
1546, 3839.23
1547, 3840.01
1548, 3837.55
1549, 3841.23
1550, 3841.23
1551, 3845.9
1552, 3838.77
1553, 3838.77
1554, 3840.77
1555, 3832.19
1556, 3829.74
1557, 3838.09
1558, 3838.09
1559, 3828.28
1560, 3831.73
1561, 3831.73
1562, 3836.41
1563, 3835.18
1564, 3835.18
1565, 3832.5
1566, 3832.28
1567, 3833.5
1568, 3830.05
1569, 3830.05
1570, 3829.59
1571, 3828.37
1572, 3828.37
1573, 3828.14
1574, 3829.14
1575, 3830.36
1576, 3828.13
1577, 3828.13
1578, 3827.68
1579, 3827.68
1580, 3826.23
1581, 3822.77
1582, 3820.1
1583, 3821.1
1584, 3826
1585, 3828.22
1586, 3825.77
1587, 3818.64
1588, 3818.64
1589, 3826.76
1590, 3823.09
1591, 3823.09
1592, 3823.08
1593, 3824.08
1594, 3822.85
1595, 3823.85
1596, 3823.85
1597, 3821.17
1598, 3819.95
1599, 3819.72
1600, 3819.72
1601, 3822.39
1602, 3818.27
1603, 3816.04
1604, 3816.81
1605, 3820.49
1606, 3818.03
1607, 3818.03
1608, 3818.03
1609, 3818.03
1610, 3821.26
1611, 3814.12
1612, 3814.12
1613, 3816.35
1614, 3809.99
1615, 3814.67
1616, 3813.44
1617, 3813.44
1618, 3814.44
1619, 3811.99
1620, 3809.76
1621, 3817.89
1622, 3810.53
1623, 3810.53
1624, 3806.85
1625, 3806.85
1626, 3806.85
1627, 3804.17
1628, 3800.27
1629, 3800.27
1630, 3808.62
1631, 3809.62
1632, 3804.72
1633, 3807.39
1634, 3807.39
1635, 3808.16
1636, 3804.48
1637, 3801.81
1638, 3801.8
1639, 3804.25
1640, 3805.25
1641, 3800.35
1642, 3800.35
1643, 3797.67
1644, 3795.44
1645, 3795.44
1646, 3795.21
1647, 3795.21
1648, 3799.66
1649, 3800.89
1650, 3790.86
1651, 3798.43
1652, 3798.21
1653, 3798.21
1654, 3804.11
1655, 3796.98
1656, 3795.3
1657, 3791.62
1658, 3792.62
1659, 3790.17
1660, 3796.29
1661, 3797.29
1662, 3796.07
1663, 3787.49
1664, 3787.49
1665, 3794.61
1666, 3789.93
1667, 3790.71
1668, 3788.25
1669, 3788.25
1670, 3790.48
1671, 3783.12
1672, 3783.12
1673, 3787.8
1674, 3786.79
1675, 3786.79
1676, 3787.57
1677, 3788.57
1678, 3791.02
1679, 3783.66
1680, 3783.66
1681, 3781.21
1682, 3781.21
1683, 3781.21
1684, 3786.88
1685, 3787.1
1686, 3783.2
1687, 3783.2
1688, 3783.2
1689, 3780.52
1690, 3787.65
1691, 3787.65
1692, 3778.84
1693, 3776.39
1694, 3776.39
1695, 3776.16
1696, 3776.16
1697, 3772.48
1698, 3772.48
1699, 3772.48
1700, 3784.28
1701, 3775.93
1702, 3775.93
1703, 3776.7
1704, 3779.15
1705, 3776.69
1706, 3776.69
1707, 3776.69
1708, 3775.01
1709, 3762.98
1710, 3762.98
1711, 3771.33
1712, 3771.33
1713, 3771.33
1714, 3772.33
1715, 3774.33
1716, 3773.1
1717, 3769.42
1718, 3772.87
1719, 3769.2
1720, 3764.52
1721, 3764.52
1722, 3766.51
1723, 3765.29
1724, 3766.29
1725, 3764.06
1726, 3764.06
1727, 3761.38
1728, 3761.38
1729, 3762.15
1730, 3763.6
1731, 3768.28
1732, 3764.37
1733, 3762.15
1734, 3764.15
1735, 3761.69
1736, 3764.14
1737, 3764.14
1738, 3763.91
1739, 3756.79
1740, 3756.79
1741, 3767.36
1742, 3766.13
1743, 3761.23
1744, 3761.23
1745, 3762
1746, 3760.78
1747, 3757.1
1748, 3757.1
1749, 3755.87
1750, 3755.87
1751, 3756.64
1752, 3755.42
1753, 3761.32
1754, 3753.96
1755, 3755.19
1756, 3755.19
1757, 3754.96
1758, 3757.41
1759, 3757.41
1760, 3754.95
1761, 3755.73
1762, 3749.6
1763, 3752.05
1764, 3755.5
1765, 3749.37
1766, 3745.92
1767, 3745.92
1768, 3751.81
1769, 3751.81
1770, 3751.59
1771, 3742.78
1772, 3742.78
1773, 3741.33
1774, 3746.45
1775, 3750.9
1776, 3746
1777, 3742.55
1778, 3742.55
1779, 3749.45
1780, 3749.45
1781, 3744.54
1782, 3741.86
1783, 3741.86
1784, 3748.99
1785, 3746.76
1786, 3743.86
1787, 3743.86
1788, 3741.4
1789, 3738.73
1790, 3736.28
1791, 3736.28
1792, 3740.95
1793, 3738.72
1794, 3739.5
1795, 3740.72
1796, 3738.49
1797, 3738.49
1798, 3744.17
1799, 3745.17
1800, 3736.59
1801, 3735.58
1802, 3736.36
1803, 3737.58
1804, 3736.35
1805, 3737.35
1806, 3736.13
1807, 3734.9
1808, 3735.9
1809, 3733.67
1810, 3734.45
1811, 3732.22
1812, 3733.22
1813, 3730.54
1814, 3735.44
1815, 3728.08
1816, 3733.99
1817, 3736.44
1818, 3734.98
1819, 3731.31
1820, 3721.5
1821, 3731.08
1822, 3720.27
1823, 3720.27
1824, 3720.27
1825, 3726.17
1826, 3725.94
1827, 3724.71
1828, 3724.71
1829, 3726.71
1830, 3724.48
1831, 3724.48
1832, 3724.48
1833, 3726.71
1834, 3725.25
1835, 3725.25
1836, 3725.03
1837, 3725.03
1838, 3724.8
1839, 3723.57
1840, 3723.57
1841, 3725.8
1842, 3722.34
1843, 3722.34
1844, 3719.66
1845, 3719.66
1846, 3720.44
1847, 3719.21
1848, 3718.98
1849, 3716.53
1850, 3716.75
1851, 3719.98
1852, 3719.98
1853, 3711.62
1854, 3716.3
1855, 3716.3
1856, 3717.07
1857, 3712.17
1858, 3713.61
1859, 3713.61
1860, 3714.39
1861, 3706.03
1862, 3706.03
1863, 3705.8
1864, 3705.8
1865, 3707.8
1866, 3706.57
1867, 3707.57
1868, 3711.25
1869, 3711.47
1870, 3711.47
1871, 3714.7
1872, 3709.79
1873, 3709.57
1874, 3702.44
1875, 3702.44
1876, 3702.21
1877, 3705.66
1878, 3705.66
1879, 3703.2
1880, 3702.98
1881, 3702.98
1882, 3704.2
1883, 3706.2
1884, 3703.75
1885, 3701.52
1886, 3702.29
1887, 3702.51
1888, 3702.29
1889, 3697.16
1890, 3695.93
1891, 3700.83
1892, 3700.61
1893, 3703.06
1894, 3703.06
1895, 3700.6
1896, 3696.7
1897, 3696.7
1898, 3700.37
1899, 3700.15
1900, 3699.92
1901, 3698.92
1902, 3700.92
1903, 3699.69
1904, 3692.34
1905, 3692.34
1906, 3689.88
1907, 3689.88
1908, 3699.23
1909, 3693.33
1910, 3696.56
1911, 3699
1912, 3693.1
1913, 3693.1
1914, 3691.65
1915, 3691.65
1916, 3691.65
1917, 3682.61
1918, 3687.74
1919, 3687.74
1920, 3688.74
1921, 3688.29
1922, 3684.61
1923, 3688.51
1924, 3690.51
1925, 3685.6
1926, 3684.37
1927, 3686.6
1928, 3685.37
1929, 3685.37
1930, 3687.6
1931, 3681.47
1932, 3681.47
1933, 3681.24
1934, 3681.46
1935, 3683.46
1936, 3674.88
1937, 3676.33
1938, 3676.1
1939, 3676.1
1940, 3676.1
1941, 3677.1
1942, 3677.1
1943, 3677.1
1944, 3679.1
1945, 3681.55
1946, 3678.87
1947, 3676.64
1948, 3679.87
1949, 3678.64
1950, 3668.83
1951, 3677.19
1952, 3678.41
1953, 3674.96
1954, 3673.28
1955, 3675.73
1956, 3676.95
1957, 3673.27
1958, 3673.27
1959, 3677.72
1960, 3671.59
1961, 3666.69
1962, 3666.69
1963, 3674.04
1964, 3674.04
1965, 3674.04
1966, 3673.81
1967, 3673.36
1968, 3672.13
1969, 3670.91
1970, 3669.45
1971, 3670.68
1972, 3665.77
1973, 3665.77
1974, 3669.22
1975, 3669.22
1976, 3668.99
1977, 3667.77
1978, 3667.77
1979, 3669.99
1980, 3666.31
1981, 3666.31
1982, 3668.54
1983, 3670.98
1984, 3670.76
1985, 3664.85
1986, 3666.85
1987, 3662.17
1988, 3662.17
1989, 3662.17
1990, 3660.49
1991, 3665.4
1992, 3663.94
1993, 3665.17
1994, 3662.49
1995, 3662.49
1996, 3660.26
1997, 3664.71
1998, 3659.81
1999, 3660.03
2000, 3660.03
2001, 3660.8
2002, 3652.45
2003, 3652.45
2004, 3656.9
2005, 3656.9
2006, 3651.77
2007, 3648.09
2008, 3648.09
2009, 3652.99
2010, 3652.99
2011, 3652.99
2012, 3653.76
2013, 3653.53
2014, 3654.76
2015, 3654.76
2016, 3655.76
2017, 3649.63
2018, 3653.3
2019, 3654.3
2020, 3653.07
2021, 3645.94
2022, 3647.94
2023, 3651.84
2024, 3651.84
2025, 3645.26
2026, 3650.39
2027, 3646.26
2028, 3647.48
2029, 3648.93
2030, 3648.93
2031, 3643.8
2032, 3647.03
2033, 3644.57
2034, 3644.8
2035, 3644.8
2036, 3642.12
2037, 3645.57
2038, 3642.89
2039, 3645.34
2040, 3642.89
2041, 3641.66
2042, 3641.66
2043, 3641.66
2044, 3641.21
2045, 3644.88
2046, 3642.2
2047, 3639.75
2048, 3637.3
2049, 3637.3
2050, 3638.52
2051, 3639.3
2052, 3636.84
2053, 3634.62
2054, 3634.62
2055, 3637.84
2056, 3635.39
2057, 3635.39
2058, 3640.06
2059, 3639.83
2060, 3637.38
2061, 3634.93
2062, 3634.93
2063, 3632.47
2064, 3632.47
2065, 3634.47
2066, 3630.79
2067, 3629.79
2068, 3634.24
2069, 3636.69
2070, 3634.02
2071, 3630.34
2072, 3629.11
2073, 3628.88
2074, 3636.23
2075, 3634.01
2076, 3634.01
2077, 3634.78
2078, 3627.42
2079, 3624.97
2080, 3627.2
2081, 3627.2
2082, 3624.52
2083, 3627.19
2084, 3624.29
2085, 3622.06
2086, 3622.06
2087, 3622.06
2088, 3625.28
2089, 3622.61
2090, 3621.38
2091, 3621.6
2092, 3624.83
2093, 3622.38
2094, 3622.37
2095, 3622.15
2096, 3627.05
2097, 3627.05
2098, 3616.01
2099, 3616.01
2100, 3616.01
2101, 3621.69
2102, 3620.69
2103, 3621.46
2104, 3616.56
2105, 3615.33
2106, 3624.91
2107, 3613.88
2108, 3613.88
2109, 3617.32
2110, 3613.87
2111, 3617.1
2112, 3607.29
2113, 3612.42
2114, 3612.42
2115, 3612.19
2116, 3612.19
2117, 3615.41
2118, 3614.18
2119, 3614.18
2120, 3616.41
2121, 3608.05
2122, 3608.05
2123, 3612.5
2124, 3601.47
2125, 3602.47
2126, 3606.37
2127, 3609.59
2128, 3603.46
2129, 3611.04
2130, 3611.04
2131, 3606.91
2132, 3614.26
2133, 3611.59
2134, 3609.36
2135, 3610.13
2136, 3606.45
2137, 3601.55
2138, 3606.23
2139, 3605
2140, 3605.22
2141, 3602.32
2142, 3607.22
2143, 3602.09
2144, 3604.54
2145, 3603.31
2146, 3603.31
2147, 3601.86
2148, 3601.86
2149, 3601.86
2150, 3598.18
2151, 3598.18
2152, 3600.18
2153, 3597.73
2154, 3597.73
2155, 3594.04
2156, 3594.04
2157, 3598.5
2158, 3599.72
2159, 3598.72
2160, 3598.72
2161, 3598.26
2162, 3600.49
2163, 3598.04
2164, 3594.36
2165, 3594.36
2166, 3592.9
2167, 3590.68
2168, 3590.68
2169, 3590.22
2170, 3594.12
2171, 3593.9
2172, 3593.9
2173, 3588.54
2174, 3585.09
2175, 3593.44
2176, 3593.44
2177, 3586.08
2178, 3590.76
2179, 3584.41
2180, 3589.31
2181, 3586.63
2182, 3586.63
2183, 3590.3
2184, 3590.3
2185, 3590.07
2186, 3585.4
2187, 3584.94
2188, 3586.17
2189, 3583.94
2190, 3585.94
2191, 3582.26
2192, 3582.26
2193, 3580.81
2194, 3582.03
2195, 3582.03
2196, 3583.03
2197, 3582.03
2198, 3582.03
2199, 3581.8
2200, 3583.8
2201, 3580.35
2202, 3577.67
2203, 3578.67
2204, 3581.12
2205, 3577.66
2206, 3582.12
2207, 3583.34
2208, 3579.66
2209, 3579.43
2210, 3583.33
2211, 3583.33
2212, 3579.43
2213, 3579.43
2214, 3579.43
2215, 3574.3
2216, 3576.52
2217, 3577.52
2218, 3572.84
2219, 3574.84
2220, 3569.94
2221, 3571.16
2222, 3571.16
2223, 3567.48
2224, 3569.71
2225, 3569.48
2226, 3569.48
2227, 3571.7
2228, 3574.15
2229, 3574.15
2230, 3571.48
2231, 3569.02
2232, 3564.12
2233, 3564.12
2234, 3571.24
2235, 3570.02
2236, 3566.11
2237, 3563.89
2238, 3563.89
2239, 3564.66
2240, 3557.3
2241, 3557.3
2242, 3557.08
2243, 3558.52
2244, 3558.52
2245, 3561.97
2246, 3562.97
2247, 3563.97
2248, 3557.84
2249, 3557.84
2250, 3561.51
2251, 3561.51
2252, 3561.51
2253, 3558.83
2254, 3562.28
2255, 3561.06
2256, 3561.06
2257, 3561.06
2258, 3554.7
2259, 3554.7
2260, 3555.47
2261, 3555.47
2262, 3558.15
2263, 3560.15
2264, 3556.69
2265, 3556.69
2266, 3558.69
2267, 3556.24
2268, 3556.24
2269, 3556.23
2270, 3553.56
2271, 3553.56
2272, 3554.55
2273, 3554.78
2274, 3555.55
2275, 3553.32
2276, 3553.32
2277, 3552.87
2278, 3546.97
2279, 3550.19
2280, 3551.42
2281, 3552.64
2282, 3552.64
2283, 3555.09
2284, 3555.86
2285, 3546.06
2286, 3543.83
2287, 3544.6
2288, 3546.05
2289, 3548.28
2290, 3548.28
2291, 3544.37
2292, 3545.6
2293, 3545.37
2294, 3546.82
2295, 3546.82
2296, 3545.14
2297, 3538.01
2298, 3536.33
2299, 3534.1
2300, 3534.1
2301, 3542.23
2302, 3547.36
2303, 3548.13
2304, 3545.68
2305, 3541
2306, 3538.1
2307, 3541.77
2308, 3543.22
2309, 3535.42
2310, 3541.54
2311, 3540.31
2312, 3539.09
2313, 3537.64
2314, 3537.64
2315, 3541.09
2316, 3533.96
2317, 3533.96
2318, 3536.18
2319, 3536.18
2320, 3536.95
2321, 3536.95
2322, 3536.95
2323, 3534.27
2324, 3539.17
2325, 3539.17
2326, 3531.59
2327, 3537.72
2328, 3537.72
2329, 3535.04
2330, 3536.04
2331, 3527.68
2332, 3527.45
2333, 3527.45
2334, 3521.32
2335, 3529.67
2336, 3529.67
2337, 3530.67
2338, 3528.44
2339, 3528.22
2340, 3528.22
2341, 3528.22
2342, 3533.89
2343, 3520.63
2344, 3520.63
2345, 3519.18
2346, 3519.18
2347, 3524.86
2348, 3522.63
2349, 3522.63
2350, 3528.3
2351, 3524.85
2352, 3524.85
2353, 3519.49
2354, 3519.72
2355, 3519.72
2356, 3519.26
2357, 3520.71
2358, 3526.39
2359, 3521.49
2360, 3521.26
2361, 3520.03
2362, 3521.26
2363, 3521.26
2364, 3520.03
2365, 3520.03
2366, 3513.45
2367, 3518.57
2368, 3520.57
2369, 3514.44
2370, 3515.67
2371, 3515.44
2372, 3520.34
2373, 3512.99
2374, 3505.41
2375, 3515.21
2376, 3513.98
2377, 3513.76
2378, 3515.21
2379, 3518.43
2380, 3512.3
2381, 3506.4
2382, 3510.85
2383, 3518.2
2384, 3515.75
2385, 3516.75
2386, 3509.39
2387, 3506.71
2388, 3512.84
2389, 3514.06
2390, 3511.39
2391, 3511.38
2392, 3505.25
2393, 3505.25
2394, 3511.15
2395, 3510.93
2396, 3504.8
2397, 3506.02
2398, 3508.25
2399, 3500.89
2400, 3503.57
2401, 3503.57
2402, 3504.56
2403, 3504.56
2404, 3504.56
2405, 3506.56
2406, 3505.11
2407, 3498.98
2408, 3499.2
2409, 3499.2
2410, 3504.88
2411, 3502.42
2412, 3502.42
2413, 3504.65
2414, 3499.74
2415, 3499.52
2416, 3499.52
2417, 3499.52
2418, 3495.61
2419, 3501.74
2420, 3501.74
2421, 3496.61
2422, 3495.38
2423, 3494.15
2424, 3494.15
2425, 3494.15
2426, 3496.15
2427, 3491.25
2428, 3491.25
2429, 3492.24
2430, 3492.47
2431, 3492.47
2432, 3497.14
2433, 3497.14
2434, 3495.46
2435, 3501.81
2436, 3501.81
2437, 3491.56
2438, 3491.55
2439, 3491.55
2440, 3492.55
2441, 3491.33
2442, 3490.1
2443, 3493.55
2444, 3493.55
2445, 3489.87
2446, 3489.64
2447, 3489.64
2448, 3490.64
2449, 3489.64
2450, 3490.41
2451, 3488.18
2452, 3488.96
2453, 3490.18
2454, 3492.63
2455, 3493.63
2456, 3482.82
2457, 3482.6
2458, 3482.6
2459, 3483.6
2460, 3480.92
2461, 3484.59
2462, 3481.14
2463, 3481.14
2464, 3484.36
2465, 3476.01
2466, 3482.91
2467, 3484.36
2468, 3484.36
2469, 3483.91
2470, 3480.23
2471, 3484.9
2472, 3477.55
2473, 3480.22
2474, 3480.22
2475, 3478.77
2476, 3478.54
2477, 3478.54
2478, 3483.22
2479, 3481.77
2480, 3480.54
2481, 3475.86
2482, 3475.86
2483, 3481.53
2484, 3474.18
2485, 3474.18
2486, 3475.18
2487, 3471.72
2488, 3483.53
2489, 3475.17
2490, 3477.17
2491, 3475.95
2492, 3475.94
2493, 3472.04
2494, 3475.72
2495, 3473.26
2496, 3473.26
2497, 3473.03
2498, 3473.03
2499, 3466.9
2500, 3467.9
2501, 3467.9
2502, 3472.58
2503, 3471.35
2504, 3468.67
2505, 3471.12
2506, 3470.12
2507, 3472.12
2508, 3477.25
2509, 3464.54
2510, 3463.53
2511, 3470.66
2512, 3470.66
2513, 3465.53
2514, 3468.21
2515, 3466.53
2516, 3465.53
2517, 3465.53
2518, 3462.62
2519, 3464.07
2520, 3464.07
2521, 3466.29
2522, 3466.29
2523, 3466.29
2524, 3463.39
2525, 3461.16
2526, 3458.26
2527, 3465.84
2528, 3465.84
2529, 3459.48
2530, 3459.48
2531, 3459.48
2532, 3465.15
2533, 3464.15
2534, 3464.15
2535, 3456.57
2536, 3468.38
2537, 3461.02
2538, 3457.34
2539, 3459.57
2540, 3456.11
2541, 3455.89
2542, 3455.89
2543, 3464.24
2544, 3462.79
2545, 3454.21
2546, 3460.33
2547, 3460.33
2548, 3458.88
2549, 3452.75
2550, 3452.75
2551, 3459.87
2552, 3459.87
2553, 3459.65
2554, 3459.64
2555, 3460.64
2556, 3453.29
2557, 3455.96
2558, 3455.96
2559, 3450.61
2560, 3448.38
2561, 3455.28
2562, 3456.51
2563, 3453.83
2564, 3446.7
2565, 3450.15
2566, 3450.15
2567, 3448.92
2568, 3448.92
2569, 3448.92
2570, 3447.24
2571, 3446.24
2572, 3446.24
2573, 3443.33
2574, 3443.33
2575, 3449.23
2576, 3451.68
2577, 3446.56
2578, 3446.55
2579, 3445.55
2580, 3445.55
2581, 3446.32
2582, 3446.32
2583, 3448.55
2584, 3446.32
2585, 3446.32
2586, 3450.77
2587, 3444.86
2588, 3445.64
2589, 3452.99
2590, 3444.41
2591, 3444.18
2592, 3441.73
2593, 3441.73
2594, 3446.4
2595, 3444.18
2596, 3444.18
2597, 3441.27
2598, 3445.17
2599, 3445.17
2600, 3440.04
2601, 3440.04
2602, 3438.36
2603, 3435.91
2604, 3445.49
2605, 3440.59
2606, 3444.49
2607, 3444.49
2608, 3445.26
2609, 3441.58
2610, 3443.8
2611, 3442.58
2612, 3442.58
2613, 3431.32
2614, 3432.77
2615, 3432.77
2616, 3443.35
2617, 3438.67
2618, 3445.57
2619, 3436.99
2620, 3436.76
2621, 3442.89
2622, 3438.21
2623, 3434.08
2624, 3434.08
2625, 3435.3
2626, 3441.21
2627, 3441.2
2628, 3440.98
2629, 3431.17
2630, 3430.17
2631, 3430.17
2632, 3437.07
2633, 3437.07
2634, 3437.07
2635, 3435.84
2636, 3435.61
2637, 3435.39
2638, 3438.06
2639, 3435.16
2640, 3436.38
2641, 3436.61
2642, 3436.61
2643, 3430.02
2644, 3429.02
2645, 3429.02
2646, 3428.57
2647, 3429.57
2648, 3428.34
2649, 3425.89
2650, 3425.89
2651, 3429.34
2652, 3428.11
2653, 3428.11
2654, 3429.11
2655, 3430.33
2656, 3430.33
2657, 3428.88
2658, 3424.98
2659, 3428.65
2660, 3426.2
2661, 3429.65
2662, 3430.87
2663, 3428.42
2664, 3428.42
2665, 3430.64
2666, 3426.96
2667, 3428.19
2668, 3428.19
2669, 3428.19
2670, 3428.96
2671, 3421.83
2672, 3422.6
2673, 3425.05
2674, 3425.28
2675, 3429.73
2676, 3422.6
2677, 3422.6
2678, 3429.5
2679, 3427.04
2680, 3420.69
2681, 3425.81
2682, 3425.81
2683, 3425.36
2684, 3425.36
2685, 3425.14
2686, 3425.13
2687, 3418
2688, 3418
2689, 3427.36
2690, 3427.35
2691, 3427.35
2692, 3418.55
2693, 3423.45
2694, 3423.22
2695, 3414.87
2696, 3414.87
2697, 3418.09
2698, 3416.86
2699, 3422.76
2700, 3421.54
2701, 3420.31
2702, 3420.08
2703, 3422.76
2704, 3424.76
2705, 3422.3
2706, 3411.5
2707, 3411.5
2708, 3412.27
2709, 3412.49
2710, 3412.49
2711, 3419.39
2712, 3418.17
2713, 3419.17
2714, 3419.39
2715, 3421.39
2716, 3411.58
2717, 3416.48
2718, 3416.48
2719, 3415.03
2720, 3415.03
2721, 3413.58
2722, 3412.58
2723, 3412.58
2724, 3420.7
2725, 3414.8
2726, 3414.8
2727, 3415.57
2728, 3422.92
2729, 3422.92
2730, 3414.11
2731, 3417.56
2732, 3417.56
2733, 3418.79
2734, 3419.79
2735, 3410.2
2736, 3412.43
2737, 3415.88
2738, 3402.62
2739, 3402.62
2740, 3402.39
2741, 3402.39
2742, 3402.39
2743, 3403.16
2744, 3402.16
2745, 3402.16
2746, 3412.74
2747, 3410.51
2748, 3412.51
2749, 3406.38
2750, 3409.83
2751, 3407.38
2752, 3406.38
2753, 3406.38
2754, 3415.73
2755, 3406.15
2756, 3406.15
2757, 3408.15
2758, 3411.82
2759, 3411.6
2760, 3415.5
2761, 3415.5
2762, 3404.01
2763, 3394.43
2764, 3394.43
2765, 3400.11
2766, 3401.33
2767, 3413.36
2768, 3407.45
2769, 3407
2770, 3408.23
2771, 3407.23
2772, 3409.23
2773, 3400.87
2774, 3400.87
2775, 3400.87
2776, 3404.09
2777, 3408.99
2778, 3409.99
2779, 3405.31
2780, 3410.99
2781, 3410.99
2782, 3414.89
2783, 3407.08
2784, 3407.08
2785, 3412.21
2786, 3414.21
2787, 3398.27
2788, 3413.98
2789, 3407.85
2790, 3408.07
2791, 3408.07
2792, 3396.59
2793, 3395.59
2794, 3395.59
2795, 3403.71
2796, 3408.39
2797, 3402.26
2798, 3405.93
2799, 3405.93
2800, 3413.06
2801, 3404.7
2802, 3404.7
2803, 3403.03
2804, 3403.25
2805, 3404.02
2806, 3406.47
2807, 3403.8
2808, 3403.79
2809, 3397.66
2810, 3397.66
2811, 3404.79
2812, 3392.76
2813, 3392.76
2814, 3411.91
2815, 3401.88
2816, 3406.78
2817, 3396.98
2818, 3396.98
2819, 3402.88
2820, 3398.2
2821, 3398.2
2822, 3401.42
2823, 3397.97
2824, 3404.87
2825, 3403.64
2826, 3403.64
2827, 3402.19
2828, 3397.51
2829, 3397.51
2830, 3405.64
2831, 3399.73
2832, 3399.73
2833, 3397.05
2834, 3401.51
2835, 3401.5
2836, 3400.28
2837, 3400.28
2838, 3398.82
2839, 3400.27
2840, 3394.92
2841, 3390.01
2842, 3401.27
2843, 3398.37
2844, 3393.46
2845, 3393.46
2846, 3407.94
2847, 3403.26
2848, 3401.58
2849, 3405.26
2850, 3403.03
2851, 3403.03
2852, 3404.03
2853, 3406.03
2854, 3398.67
2855, 3403.8
2856, 3404.57
2857, 3402.12
2858, 3402.12
2859, 3402.12
2860, 3399.44
2861, 3404.34
2862, 3405.34
2863, 3397.99
2864, 3397.99
2865, 3396.53
2866, 3405.33
2867, 3405.33
2868, 3406.11
2869, 3406.33
2870, 3408.33
2871, 3408.33
2872, 3409.33
2873, 3408.1
2874, 3407.1
2875, 3407.1
2876, 3410.32
2877, 3399.52
2878, 3399.52
2879, 3413.77
2880, 3420.9
2881, 3409.86
2882, 3407.64
2883, 3407.64
2884, 3415.76
2885, 3424.57
2886, 3424.57
2887, 3425.34
2888, 3421.66
2889, 3421.66
2890, 3422.66
2891, 3422.66
2892, 3428.56
2893, 3429.78
2894, 3433.23
2895, 3430.78
2896, 3429.78
2897, 3429.78
2898, 3429.32
2899, 3429.32
2900, 3432.77
2901, 3438.9
2902, 3438.9
2903, 3437.45
2904, 3445.02
2905, 3449.47
2906, 3447.02
2907, 3449.69
2908, 3451.69
2909, 3454.37
2910, 3456.37
2911, 3452.69
2912, 3468.85
2913, 3468.85
2914, 3478.2
2915, 3479.65
2916, 3479.65
2917, 3472.07
2918, 3472.07
2919, 3483.87
2920, 3474.29
2921, 3474.29
2922, 3487.32
2923, 3493.67
2924, 3493.67
2925, 3489.54
2926, 3501.79
2927, 3501.57
2928, 3496.89
2929, 3496.89
2930, 3514.82
2931, 3523.62
2932, 3523.62
2933, 3553.81
2934, 3561.38
2935, 3561.38
2936, 3580.76
2937, 3582.76
2938, 3604.82
2939, 3628.33
2940, 3630.33
2941, 3695.29
2942, 3761.69
2943, 3761.69
2944, 3843.35
2945, 3843.35
