0, 6946.88
1, 5947.8
2, 5770.72
3, 5588.92
4, 5534.07
5, 5497.33
6, 5454.7
7, 5422.47
8, 5406.96
9, 5393.39
10, 5379.06
11, 5371.8
12, 5354.7
13, 5340.37
14, 5333.11
15, 5328.01
16, 5319.36
17, 5313.29
18, 5298.75
19, 5290.31
20, 5279.1
21, 5265.95
22, 5274.03
23, 5266.57
24, 5267.36
25, 5270.72
26, 5255
27, 5251.28
28, 5249.51
29, 5248.15
30, 5252.68
31, 5240.3
32, 5237.76
33, 5235.22
34, 5231.29
35, 5219.11
36, 5222.47
37, 5222.09
38, 5232.52
39, 5210.9
40, 5214.06
41, 5205.62
42, 5200.31
43, 5207.2
44, 5208.2
45, 5199.56
46, 5199.38
47, 5194.07
48, 5193.89
49, 5188.99
50, 5181.53
51, 5184.68
52, 5180.96
53, 5177.04
54, 5182.55
55, 5180.01
56, 5172.55
57, 5172.37
58, 5170.8
59, 5160.98
60, 5158.44
61, 5160.2
62, 5160.02
63, 5158.67
64, 5157.1
65, 5160.46
66, 5149.25
67, 5141.99
68, 5148.89
69, 5152.04
70, 5137.5
71, 5139.68
72, 5142.62
73, 5142.65
74, 5132.62
75, 5128.9
76, 5132.26
77, 5131.67
78, 5133.85
79, 5133.67
80, 5128.56
81, 5123.46
82, 5123.07
83, 5117
84, 5122.71
85, 5119.76
86, 5110.14
87, 5109.97
88, 5111.73
89, 5109.19
90, 5103.11
91, 5110.98
92, 5110.8
93, 5113.75
94, 5110.03
95, 5108.67
96, 5105.92
97, 5107.9
98, 5111.25
99, 5113.23
100, 5109.3
101, 5103.22
102, 5106.37
103, 5107.37
104, 5095.19
105, 5105.42
106, 5100.52
107, 5097.78
108, 5099.75
109, 5099.57
110, 5101.54
111, 5102.54
112, 5097.23
113, 5100.59
114, 5100.59
115, 5097.45
116, 5096.1
117, 5096.1
118, 5095.53
119, 5085.71
120, 5085.32
121, 5087.5
122, 5086.14
123, 5086.93
124, 5081.83
125, 5086.37
126, 5077.72
127, 5076.16
128, 5074.8
129, 5075.59
130, 5082.49
131, 5078.56
132, 5080.53
133, 5073.28
134, 5069.35
135, 5067.78
136, 5071.14
137, 5071.94
138, 5076.47
139, 5064.29
140, 5066.26
141, 5066.26
142, 5066.67
143, 5062.95
144, 5066.31
145, 5064.54
146, 5057.28
147, 5061.61
148, 5059.07
149, 5063.61
150, 5055.94
151, 5066.37
152, 5062.66
153, 5058.52
154, 5053.63
155, 5052.27
156, 5049.31
157, 5044.62
158, 5048.75
159, 5047.39
160, 5048.39
161, 5049.18
162, 5053.51
163, 5053.51
164, 5048.23
165, 5048.02
166, 5046.27
167, 5047.27
168, 5049.45
169, 5041.99
170, 5041.6
171, 5041.42
172, 5048.11
173, 5046.54
174, 5046.54
175, 5047.16
176, 5042.26
177, 5037.15
178, 5036.77
179, 5025.97
180, 5026.56
181, 5029.92
182, 5030.92
183, 5031.71
184, 5033.68
185, 5027.6
186, 5030.76
187, 5027.04
188, 5024.29
189, 5029.98
190, 5029.62
191, 5014.87
192, 5012.34
193, 5021.59
194, 5029.46
195, 5025.74
196, 5021.61
197, 5016.71
198, 5014.17
199, 5018.3
200, 5020.48
201, 5010.86
202, 5017.55
203, 5019.73
204, 5014.42
205, 5014.24
206, 5012.88
207, 5009.93
208, 5013.28
209, 5007.21
210, 5008.97
211, 5001.72
212, 5003.9
213, 5005.87
214, 5005.87
215, 5004.12
216, 4999.02
217, 5001.2
218, 4991.37
219, 4988.63
220, 4996.7
221, 4997.5
222, 5002.03
223, 4999.29
224, 4995.36
225, 4999.9
226, 4994.59
227, 4996.77
228, 4996.59
229, 4984.41
230, 4995.99
231, 4999.17
232, 4993.07
233, 4993.89
234, 4977.96
235, 4981.32
236, 4981.32
237, 4989.01
238, 4984.08
239, 4987.26
240, 4979.8
241, 4979.62
242, 4981.38
243, 4978.84
244, 4978.84
245, 4980.64
246, 4973.17
247, 4973.17
248, 4974.97
249, 4979.3
250, 4977.73
251, 4971.65
252, 4975.01
253, 4979.34
254, 4974.24
255, 4974.24
256, 4971.31
257, 4961.49
258, 4961.49
259, 4973.9
260, 4961.92
261, 4963.89
262, 4960.15
263, 4968.04
264, 4961.55
265, 4963.73
266, 4963.73
267, 4960.81
268, 4961.6
269, 4963.78
270, 4959.85
271, 4959.85
272, 4959.08
273, 4951.82
274, 4950.46
275, 4952.23
276, 4952.05
277, 4953.05
278, 4949.12
279, 4945.41
280, 4960.35
281, 4950.53
282, 4950.53
283, 4953.5
284, 4943.86
285, 4945.86
286, 4940.54
287, 4941.54
288, 4939.01
289, 4945.69
290, 4947.87
291, 4949.85
292, 4941.2
293, 4950.46
294, 4938.07
295, 4939.07
296, 4944.79
297, 4943.22
298, 4938.32
299, 4936.55
300, 4936.55
301, 4936.55
302, 4927.55
303, 4926.16
304, 4931.7
305, 4933.46
306, 4926.21
307, 4924.64
308, 4925.64
309, 4933.72
310, 4930.97
311, 4928.22
312, 4932.76
313, 4922.73
314, 4921.37
315, 4922.16
316, 4919.63
317, 4921.81
318, 4918.85
319, 4918.67
320, 4918.67
321, 4922.82
322, 4918.9
323, 4922.26
324, 4913.61
325, 4916.97
326, 4918.94
327, 4915.2
328, 4915.2
329, 4910.91
330, 4911.71
331, 4910.35
332, 4908.78
333, 4906.03
334, 4902.11
335, 4907.83
336, 4907.83
337, 4903.51
338, 4905.69
339, 4904.33
340, 4905.13
341, 4902.38
342, 4896.3
343, 4901.81
344, 4906.35
345, 4904.79
346, 4902.04
347, 4899.5
348, 4897.93
349, 4897.55
350, 4897.37
351, 4892.26
352, 4891.88
353, 4888.16
354, 4886.77
355, 4893.49
356, 4894.07
357, 4886.82
358, 4886.82
359, 4894.3
360, 4884.68
361, 4885.68
362, 4883.12
363, 4887.48
364, 4888.27
365, 4879.8
366, 4886.52
367, 4883.57
368, 4881.03
369, 4882.03
370, 4880.46
371, 4882.64
372, 4878.51
373, 4878.51
374, 4880.51
375, 4876.38
376, 4876.38
377, 4878.38
378, 4876.81
379, 4871.7
380, 4871.7
381, 4873.68
382, 4875.68
383, 4871.75
384, 4864.29
385, 4864.29
386, 4869.62
387, 4864.51
388, 4864.51
389, 4867.28
390, 4868.28
391, 4865.53
392, 4865.35
393, 4865.35
394, 4858.89
395, 4857.5
396, 4863.04
397, 4856.75
398, 4854.19
399, 4864.44
400, 4854.62
401, 4866.24
402, 4857.59
403, 4856.03
404, 4858.21
405, 4862.54
406, 4851.71
407, 4859.61
408, 4860.4
409, 4853.15
410, 4855.12
411, 4847.83
412, 4848.65
413, 4854.16
414, 4847.88
415, 4847.88
416, 4846.13
417, 4846.93
418, 4840.85
419, 4842.82
420, 4848.54
421, 4845.58
422, 4845.58
423, 4845.58
424, 4839.91
425, 4839.73
426, 4844.27
427, 4840.53
428, 4838.99
429, 4837.42
430, 4837.03
431, 4836.85
432, 4837.65
433, 4837.26
434, 4833.54
435, 4835.51
436, 4833.95
437, 4838.48
438, 4835.92
439, 4839.1
440, 4835.17
441, 4826.53
442, 4826.53
443, 4824.58
444, 4826.75
445, 4826.58
446, 4825.19
447, 4827.19
448, 4823.26
449, 4824.23
450, 4824.23
451, 4825.85
452, 4818.38
453, 4825.28
454, 4819
455, 4817.64
456, 4826.68
457, 4822.76
458, 4827.3
459, 4816.09
460, 4819.45
461, 4819.45
462, 4809.24
463, 4809.24
464, 4809.24
465, 4808.67
466, 4811.85
467, 4811.46
468, 4808.72
469, 4808.72
470, 4812.87
471, 4804.4
472, 4809.94
473, 4805.81
474, 4804.45
475, 4801.7
476, 4805.06
477, 4802.53
478, 4800.96
479, 4804.29
480, 4802.75
481, 4798.83
482, 4804.33
483, 4795.69
484, 4799.05
485, 4798.87
486, 4797.1
487, 4798.1
488, 4795.56
489, 4798.71
490, 4790.25
491, 4795.78
492, 4795.4
493, 4795.4
494, 4786.37
495, 4788.55
496, 4788.55
497, 4795.06
498, 4788.95
499, 4792.13
500, 4789.38
501, 4785.46
502, 4791.18
503, 4789.61
504, 4790.61
505, 4780.58
506, 4785.12
507, 4783.76
508, 4780.8
509, 4779.45
510, 4783.98
511, 4781.24
512, 4781.06
513, 4778.1
514, 4779.1
515, 4779.1
516, 4779.72
517, 4776.97
518, 4776.97
519, 4774.05
520, 4776.23
521, 4772.3
522, 4770.91
523, 4770.91
524, 4777.24
525, 4767.42
526, 4770.78
527, 4770.39
528, 4773.54
529, 4774.54
530, 4769.44
531, 4770.44
532, 4765.13
533, 4765.13
534, 4770.66
535, 4765.56
536, 4763.99
537, 4766.17
538, 4764.4
539, 4765.4
540, 4757.93
541, 4762.47
542, 4767.01
543, 4764.26
544, 4758.16
545, 4758.98
546, 4753.67
547, 4754.67
548, 4754.67
549, 4751.74
550, 4751.74
551, 4747.43
552, 4747.43
553, 4747.43
554, 4745.3
555, 4745.12
556, 4744.94
557, 4745.52
558, 4745.52
559, 4747.52
560, 4749.49
561, 4749.49
562, 4752.46
563, 4747.36
564, 4744.82
565, 4750.33
566, 4748.76
567, 4744.84
568, 4744.66
569, 4739.76
570, 4737.02
571, 4738.99
572, 4738.99
573, 4739.39
574, 4736.85
575, 4741.39
576, 4742.18
577, 4738.47
578, 4731.98
579, 4736.51
580, 4736.51
581, 4734.77
582, 4735.56
583, 4735.56
584, 4736.17
585, 4728.71
586, 4730.89
587, 4728.32
588, 4728.32
589, 4727.58
590, 4732.08
591, 4728.19
592, 4728.98
593, 4729.95
594, 4730.77
595, 4729.38
596, 4729.03
597, 4723.71
598, 4723.71
599, 4723.71
600, 4722.76
601, 4722.76
602, 4722.76
603, 4722.01
604, 4723.01
605, 4723.81
606, 4717.52
607, 4717.34
608, 4716.95
609, 4714.21
610, 4717.57
611, 4714.82
612, 4713.43
613, 4720.15
614, 4716.23
615, 4716.05
616, 4714.48
617, 4709.38
618, 4711.55
619, 4711.17
620, 4709.78
621, 4708.24
622, 4703.14
623, 4704.14
624, 4707.08
625, 4706.9
626, 4705.54
627, 4706.13
628, 4704.77
629, 4705.77
630, 4708.92
631, 4699.28
632, 4704.81
633, 4704.43
634, 4703.07
635, 4700.32
636, 4697.58
637, 4697.58
638, 4695.62
639, 4695.62
640, 4697.62
641, 4693.49
642, 4698.03
643, 4692.92
644, 4692.92
645, 4692.56
646, 4688.43
647, 4688.43
648, 4688.43
649, 4687.68
650, 4694.55
651, 4692.81
652, 4692.81
653, 4692.81
654, 4689.49
655, 4684.6
656, 4684.42
657, 4680.28
658, 4680.28
659, 4685.82
660, 4684.43
661, 4681.72
662, 4683.69
663, 4688.2
664, 4677.23
665, 4681.35
666, 4681.35
667, 4680.99
668, 4680.6
669, 4675.5
670, 4676.5
671, 4678.65
672, 4678.65
673, 4676.72
674, 4675.16
675, 4675.16
676, 4674.59
677, 4669.66
678, 4675.2
679, 4671.28
680, 4676.99
681, 4668.14
682, 4668.14
683, 4668.14
684, 4668.58
685, 4668.37
686, 4675.09
687, 4668.8
688, 4663.7
689, 4660.95
690, 4663.13
691, 4667.67
692, 4663.74
693, 4665.89
694, 4666.71
695, 4667.51
696, 4661.4
697, 4663.4
698, 4664.19
699, 4656.94
700, 4661.27
701, 4656.16
702, 4656.16
703, 4661.49
704, 4656.39
705, 4656.39
706, 4653.26
707, 4659.18
708, 4650.54
709, 4656.05
710, 4649.97
711, 4648.4
712, 4648.2
713, 4645.48
714, 4649.81
715, 4650.6
716, 4650.21
717, 4648.86
718, 4648.86
719, 4647.11
720, 4644.36
721, 4644.36
722, 4643.8
723, 4643.41
724, 4642.05
725, 4641.66
726, 4641.66
727, 4644.63
728, 4640.71
729, 4633.45
730, 4636.6
731, 4634.04
732, 4634.04
733, 4639.19
734, 4637.8
735, 4636.06
736, 4636.06
737, 4636.06
738, 4632.95
739, 4626.85
740, 4634.74
741, 4629.43
742, 4628.07
743, 4633.79
744, 4632.22
745, 4632.04
746, 4630.48
747, 4628.91
748, 4626.37
749, 4625.98
750, 4623.24
751, 4623.24
752, 4625.03
753, 4625.82
754, 4624.46
755, 4621.72
756, 4621.72
757, 4617.41
758, 4617.41
759, 4619.41
760, 4622.56
761, 4619.99
762, 4617.27
763, 4616.88
764, 4615.53
765, 4621.04
766, 4617.11
767, 4617.11
768, 4616.54
769, 4616.16
770, 4613.62
771, 4613.02
772, 4612.84
773, 4611.28
774, 4611.1
775, 4611.1
776, 4611.71
777, 4607.96
778, 4608.78
779, 4607.01
780, 4599.75
781, 4599.75
782, 4598.19
783, 4606.08
784, 4608.06
785, 4605.31
786, 4605.31
787, 4604.74
788, 4606.89
789, 4606.89
790, 4602.61
791, 4602.61
792, 4603.22
793, 4596.94
794, 4596.94
795, 4587.91
796, 4600.7
797, 4600.7
798, 4597.57
799, 4592.67
800, 4593.67
801, 4592.28
802, 4592.28
803, 4597.44
804, 4592.33
805, 4592.33
806, 4586.84
807, 4586.84
808, 4592.38
809, 4589.81
810, 4590.63
811, 4589.06
812, 4586.32
813, 4586.32
814, 4580.83
815, 4580.83
816, 4580.83
817, 4581.26
818, 4580.87
819, 4579.51
820, 4581.66
821, 4581.66
822, 4575.99
823, 4575.99
824, 4575.99
825, 4574.07
826, 4576.04
827, 4576.04
828, 4574.47
829, 4576.47
830, 4573.73
831, 4572.34
832, 4573.16
833, 4573.95
834, 4571.21
835, 4571.21
836, 4569.46
837, 4567.89
838, 4568.89
839, 4570.86
840, 4570.69
841, 4567.94
842, 4569.91
843, 4570.91
844, 4564.63
845, 4567.78
846, 4566.42
847, 4567.21
848, 4568.21
849, 4560.75
850, 4562.72
851, 4564.9
852, 4561.94
853, 4561.94
854, 4567.48
855, 4556.48
856, 4556.3
857, 4558.27
858, 4558.06
859, 4560.06
860, 4558.5
861, 4557.11
862, 4555.57
863, 4550.26
864, 4551.26
865, 4551.26
866, 4549.69
867, 4549.69
868, 4551.1
869, 4551.1
870, 4551.1
871, 4550.35
872, 4549.96
873, 4548.61
874, 4547.04
875, 4547.04
876, 4546.47
877, 4542.55
878, 4542.55
879, 4545.52
880, 4538.06
881, 4543.77
882, 4546.92
883, 4540.82
884, 4542.82
885, 4536.71
886, 4536.71
887, 4536.94
888, 4540.3
889, 4538.94
890, 4536.19
891, 4531.27
892, 4535.63
893, 4526.98
894, 4526.98
895, 4537.03
896, 4534.46
897, 4534.46
898, 4533.51
899, 4528.61
900, 4530.79
901, 4530.41
902, 4527.66
903, 4531.02
904, 4527.09
905, 4528.09
906, 4530.06
907, 4522.6
908, 4522.6
909, 4525.57
910, 4526.36
911, 4529.72
912, 4523.62
913, 4522.08
914, 4521.69
915, 4522.66
916, 4524.66
917, 4520.74
918, 4516.81
919, 4516.81
920, 4520.97
921, 4514.89
922, 4514.5
923, 4513.11
924, 4510.4
925, 4510.98
926, 4510.98
927, 4510.98
928, 4511.41
929, 4511.03
930, 4509.67
931, 4515.18
932, 4511.46
933, 4508.71
934, 4506.15
935, 4506.15
936, 4504.22
937, 4505.19
938, 4502.48
939, 4500.91
940, 4502.88
941, 4501.31
942, 4501.31
943, 4501.31
944, 4499.18
945, 4499.18
946, 4499.18
947, 4497.26
948, 4498.23
949, 4498.23
950, 4501.02
951, 4503.2
952, 4496.91
953, 4496.71
954, 4496.71
955, 4498.11
956, 4498.11
957, 4494.21
958, 4493.83
959, 4493.44
960, 4497.98
961, 4491.69
962, 4492.69
963, 4492.31
964, 4491.92
965, 4494.1
966, 4488.99
967, 4486.25
968, 4486.07
969, 4487.04
970, 4483.14
971, 4486.29
972, 4485.91
973, 4483.37
974, 4481.59
975, 4481.59
976, 4482.41
977, 4482.21
978, 4483.03
979, 4482.64
980, 4478.71
981, 4480.89
982, 4476.97
983, 4474.4
984, 4474.4
985, 4477.19
986, 4475.63
987, 4475.24
988, 4475.24
989, 4475.24
990, 4472.14
991, 4471.75
992, 4471.75
993, 4472.36
994, 4463.9
995, 4463.9
996, 4468.05
997, 4470.05
998, 4468.48
999, 4465.91
1000, 4465.91
1001, 4466.14
1002, 4467.14
1003, 4465.78
1004, 4464.21
1005, 4467.57
1006, 4460.11
1007, 4459.72
1008, 4467.8
1009, 4459.16
1010, 4457.59
1011, 4459.77
1012, 4459.38
1013, 4462.53
1014, 4462.35
1015, 4459.61
1016, 4461.79
1017, 4457.65
1018, 4457.65
1019, 4453.76
1020, 4452.19
1021, 4453.16
1022, 4453.16
1023, 4452.42
1024, 4447.52
1025, 4448.31
1026, 4449.28
1027, 4449.28
1028, 4453.25
1029, 4447.15
1030, 4450.33
1031, 4448.76
1032, 4440.3
1033, 4440.3
1034, 4445.45
1035, 4445.45
1036, 4444.88
1037, 4441.14
1038, 4440.78
1039, 4439
1040, 4439
1041, 4439
1042, 4442.97
1043, 4442.97
1044, 4435.33
1045, 4434.94
1046, 4434.94
1047, 4434.38
1048, 4437.53
1049, 4437.35
1050, 4436.96
1051, 4435.57
1052, 4430.29
1053, 4430.29
1054, 4430.29
1055, 4426.98
1056, 4426.98
1057, 4428.98
1058, 4428.38
1059, 4428.38
1060, 4431.56
1061, 4428.82
1062, 4427.46
1063, 4428.25
1064, 4425.5
1065, 4425.5
1066, 4422.37
1067, 4422.37
1068, 4422.37
1069, 4426.34
1070, 4417.7
1071, 4424.59
1072, 4419.49
1073, 4419.31
1074, 4419.89
1075, 4419.89
1076, 4416
1077, 4415.61
1078, 4417.76
1079, 4422.12
1080, 4421.91
1081, 4422.73
1082, 4418.81
1083, 4406.81
1084, 4414.7
1085, 4415.49
1086, 4412.93
1087, 4412.93
1088, 4413.36
1089, 4408.26
1090, 4408.08
1091, 4412.41
1092, 4413.41
1093, 4408.3
1094, 4407.92
1095, 4407.92
1096, 4403.6
1097, 4403.6
1098, 4402.06
1099, 4403.04
1100, 4408.57
1101, 4407.01
1102, 4398.54
1103, 4398.54
1104, 4398.98
1105, 4395.23
1106, 4395.23
1107, 4400.38
1108, 4397.64
1109, 4398.64
1110, 4399.43
1111, 4401.61
1112, 4400.04
1113, 4397.3
1114, 4397.3
1115, 4394.16
1116, 4394.16
1117, 4396.16
1118, 4393.6
1119, 4393.6
1120, 4397.57
1121, 4390.28
1122, 4390.28
1123, 4388.36
1124, 4385.61
1125, 4384.25
1126, 4380.12
1127, 4380.12
1128, 4382.12
1129, 4380.73
1130, 4380.73
1131, 4387.06
1132, 4380.78
1133, 4385.32
1134, 4383.75
1135, 4382.36
1136, 4384.36
1137, 4379.44
1138, 4381.44
1139, 4377.3
1140, 4377.3
1141, 4372.23
1142, 4371.84
1143, 4378.71
1144, 4378.71
1145, 4373.42
1146, 4375.42
1147, 4367.75
1148, 4372.29
1149, 4369.75
1150, 4367.98
1151, 4367.98
1152, 4367.98
1153, 4371.95
1154, 4373.92
1155, 4373.74
1156, 4371.17
1157, 4369.64
1158, 4360.79
1159, 4360.79
1160, 4368.68
1161, 4369.47
1162, 4363.37
1163, 4367.73
1164, 4366.16
1165, 4363.62
1166, 4364.21
1167, 4364.21
1168, 4364.21
1169, 4357.36
1170, 4357.36
1171, 4357.36
1172, 4363.69
1173, 4358.58
1174, 4357.02
1175, 4358.02
1176, 4358.02
1177, 4353.7
1178, 4359.42
1179, 4358.06
1180, 4355.32
1181, 4348.03
1182, 4350.03
1183, 4351
1184, 4351
1185, 4357.33
1186, 4352.23
1187, 4352.23
1188, 4354.02
1189, 4347.74
1190, 4347.74
1191, 4346.96
1192, 4349.14
1193, 4350.14
1194, 4347.4
1195, 4347.4
1196, 4346.83
1197, 4347.8
1198, 4347.44
1199, 4343.31
1200, 4332.52
1201, 4330.95
1202, 4340.2
1203, 4340.2
1204, 4340.82
1205, 4335.71
1206, 4335.71
1207, 4335.15
1208, 4334.94
1209, 4334.58
1210, 4335.37
1211, 4335.37
1212, 4337.16
1213, 4332.06
1214, 4328.34
1215, 4326.77
1216, 4325.39
1217, 4333.28
1218, 4330.54
1219, 4330.15
1220, 4326.22
1221, 4326.22
1222, 4326.22
1223, 4325.48
1224, 4321.73
1225, 4321.73
1226, 4323.14
1227, 4326.5
1228, 4323.96
1229, 4326.11
1230, 4329.29
1231, 4327.72
1232, 4325.15
1233, 4323.62
1234, 4324.41
1235, 4316.95
1236, 4320.3
1237, 4323.45
1238, 4319.53
1239, 4319.35
1240, 4317.96
1241, 4317.6
1242, 4314.86
1243, 4317.01
1244, 4317.01
1245, 4313.9
1246, 4309.98
1247, 4309.8
1248, 4310.59
1249, 4311.59
1250, 4306.28
1251, 4306.28
1252, 4306.28
1253, 4307.68
1254, 4303.97
1255, 4308.5
1256, 4308.12
1257, 4306.55
1258, 4307.55
1259, 4302.62
1260, 4302.62
1261, 4301.67
1262, 4301.67
1263, 4304.85
1264, 4296
1265, 4296
1266, 4298
1267, 4295.43
1268, 4295.43
1269, 4297.05
1270, 4297.84
1271, 4297.84
1272, 4299.63
1273, 4294.7
1274, 4297.88
1275, 4292.57
1276, 4294.96
1277, 4300.47
1278, 4293
1279, 4293
1280, 4289.87
1281, 4292.05
1282, 4287.15
1283, 4287.95
1284, 4287.56
1285, 4285.99
1286, 4290.53
1287, 4284.45
1288, 4281.71
1289, 4286.04
1290, 4286.04
1291, 4287.62
1292, 4287.62
1293, 4284.9
1294, 4283.52
1295, 4283.52
1296, 4288.67
1297, 4282.56
1298, 4288.1
1299, 4274.53
1300, 4280.25
1301, 4280.25
1302, 4273.79
1303, 4274.58
1304, 4271.83
1305, 4277.55
1306, 4277.37
1307, 4274.63
1308, 4269.52
1309, 4277.6
1310, 4274.64
1311, 4275.64
1312, 4275.64
1313, 4275.26
1314, 4277.26
1315, 4275.69
1316, 4273.12
1317, 4268.05
1318, 4270.02
1319, 4267.27
1320, 4267.27
1321, 4263.17
1322, 4265.14
1323, 4269.68
1324, 4263.57
1325, 4266.75
1326, 4261.65
1327, 4258.9
1328, 4263.44
1329, 4260.48
1330, 4260.3
1331, 4257.77
1332, 4259.74
1333, 4260.74
1334, 4255.43
1335, 4255.43
1336, 4252.71
1337, 4255.65
1338, 4255.65
1339, 4255.65
1340, 4255.88
1341, 4255.7
1342, 4250.8
1343, 4247.05
1344, 4247.05
1345, 4255.53
1346, 4254.18
1347, 4254.18
1348, 4247.5
1349, 4247.5
1350, 4247.5
1351, 4246.94
1352, 4251.3
1353, 4249.73
1354, 4246.98
1355, 4247.98
1356, 4249.96
1357, 4242.67
1358, 4242.67
1359, 4241.93
1360, 4240.36
1361, 4239.97
1362, 4244.51
1363, 4244.51
1364, 4240.41
1365, 4245.91
1366, 4242.2
1367, 4234.53
1368, 4237.88
1369, 4237.71
1370, 4236.32
1371, 4237.14
1372, 4234.39
1373, 4232.83
1374, 4233.83
1375, 4233.44
1376, 4230.69
1377, 4230.69
1378, 4231.48
1379, 4233.48
1380, 4229.35
1381, 4230.35
1382, 4230.35
1383, 4233.32
1384, 4233.11
1385, 4228.04
1386, 4226.47
1387, 4227.26
1388, 4226.88
1389, 4226.88
1390, 4226.88
1391, 4218.85
1392, 4221.03
1393, 4221.03
1394, 4221.64
1395, 4220.25
1396, 4218.71
1397, 4223.04
1398, 4219.33
1399, 4218.94
1400, 4216.37
1401, 4221.91
1402, 4213.06
1403, 4215.24
1404, 4215.24
1405, 4215.85
1406, 4211.93
1407, 4212.93
1408, 4211.54
1409, 4211.54
1410, 4208.23
1411, 4210.41
1412, 4210.41
1413, 4211.99
1414, 4211.99
1415, 4213.99
1416, 4211.42
1417, 4208.71
1418, 4203.39
1419, 4203.39
1420, 4205.39
1421, 4202.65
1422, 4207.16
1423, 4207.16
1424, 4201.69
1425, 4201.51
1426, 4199.95
1427, 4203.1
1428, 4203.1
1429, 4202.53
1430, 4191.71
1431, 4198.43
1432, 4201.58
1433, 4197.65
1434, 4197.65
1435, 4197.08
1436, 4197.08
1437, 4189.23
1438, 4189.23
1439, 4189.23
1440, 4193
1441, 4194
1442, 4194
1443, 4187.53
1444, 4187.53
1445, 4189.33
1446, 4192.48
1447, 4191.12
1448, 4188.37
1449, 4184.63
1450, 4188.99
1451, 4188.6
1452, 4190.57
1453, 4191.57
1454, 4180.57
1455, 4187.46
1456, 4180.97
1457, 4180.97
1458, 4185.33
1459, 4183.76
1460, 4182.38
1461, 4182.38
1462, 4182.81
1463, 4182.81
1464, 4182.24
1465, 4173.6
1466, 4173.6
1467, 4176.57
1468, 4170.47
1469, 4174.83
1470, 4174.44
1471, 4165.8
1472, 4171.51
1473, 4170.13
1474, 4170.13
1475, 4171.74
1476, 4172.53
1477, 4174.71
1478, 4168.43
1479, 4164.68
1480, 4164.68
1481, 4171.19
1482, 4172.01
1483, 4164.55
1484, 4158.44
1485, 4158.44
1486, 4162.41
1487, 4169.1
1488, 4161.85
1489, 4161.46
1490, 4167.18
1491, 4164.43
1492, 4160.51
1493, 4161.51
1494, 4159.94
1495, 4161.91
1496, 4158.19
1497, 4150.73
1498, 4159.96
1499, 4156.06
1500, 4154.67
1501, 4156.67
1502, 4153.72
1503, 4153.72
1504, 4155.72
1505, 4150.61
1506, 4151.41
1507, 4153.59
1508, 4153.2
1509, 4150.66
1510, 4151.45
1511, 4144.17
1512, 4144.17
1513, 4146.75
1514, 4150.11
1515, 4150.11
1516, 4139.9
1517, 4139.9
1518, 4139.9
1519, 4144.05
1520, 4144.05
1521, 4142.13
1522, 4137.2
1523, 4137.2
1524, 4141.17
1525, 4139.79
1526, 4139.79
1527, 4140.22
1528, 4140.22
1529, 4138.47
1530, 4135.91
1531, 4140.26
1532, 4137.52
1533, 4134.77
1534, 4138.13
1535, 4137.74
1536, 4132.82
1537, 4131.07
1538, 4131.07
1539, 4131.89
1540, 4126.58
1541, 4126.58
1542, 4126.22
1543, 4124.66
1544, 4131.52
1545, 4131.52
1546, 4126.24
1547, 4127.06
1548, 4124.31
1549, 4127.47
1550, 4127.47
1551, 4131.62
1552, 4124.33
1553, 4124.33
1554, 4125.94
1555, 4117.3
1556, 4114.56
1557, 4122.63
1558, 4122.63
1559, 4112.42
1560, 4115.78
1561, 4115.78
1562, 4119.93
1563, 4118.37
1564, 4118.37
1565, 4115.44
1566, 4115.26
1567, 4116.05
1568, 4112.31
1569, 4112.31
1570, 4111.56
1571, 4109.99
1572, 4109.99
1573, 4109.43
1574, 4110.43
1575, 4111.22
1576, 4108.65
1577, 4108.65
1578, 4107.91
1579, 4107.52
1580, 4106.16
1581, 4102.03
1582, 4099.49
1583, 4100.49
1584, 4104.82
1585, 4107
1586, 4104.25
1587, 4096.97
1588, 4096.97
1589, 4104.48
1590, 4100.55
1591, 4100.55
1592, 4099.78
1593, 4100.78
1594, 4099.21
1595, 4100.21
1596, 4100.21
1597, 4097.29
1598, 4095.72
1599, 4095.54
1600, 4095.15
1601, 4097.3
1602, 4093.41
1603, 4090.84
1604, 4091.66
1605, 4094.81
1606, 4092.07
1607, 4092.07
1608, 4091.29
1609, 4091.29
1610, 4094.47
1611, 4086.8
1612, 4086.8
1613, 4088.59
1614, 4082.51
1615, 4087.05
1616, 4085.49
1617, 4085.1
1618, 4086.1
1619, 4083.35
1620, 4080.79
1621, 4088.68
1622, 4081.22
1623, 4081.22
1624, 4076.91
1625, 4076.91
1626, 4076.91
1627, 4073.59
1628, 4069.88
1629, 4069.88
1630, 4077.57
1631, 4078.57
1632, 4073.46
1633, 4075.61
1634, 4075.61
1635, 4076.05
1636, 4072.12
1637, 4069.58
1638, 4069.19
1639, 4071.17
1640, 4072.17
1641, 4067.06
1642, 4067.06
1643, 4064.14
1644, 4061.57
1645, 4061.57
1646, 4060.62
1647, 4060.62
1648, 4064.97
1649, 4065.77
1650, 4056.15
1651, 4062.63
1652, 4062.45
1653, 4062.45
1654, 4067.78
1655, 4060.5
1656, 4058.96
1657, 4055.04
1658, 4056.04
1659, 4053.29
1660, 4058.8
1661, 4059.8
1662, 4058.23
1663, 4049.59
1664, 4049.59
1665, 4056.1
1666, 4051.17
1667, 4051.99
1668, 4049.25
1669, 4049.25
1670, 4051.04
1671, 4043.58
1672, 4043.58
1673, 4047.73
1674, 4046.34
1675, 4046.34
1676, 4046.77
1677, 4047.77
1678, 4049.75
1679, 4042.28
1680, 4042.28
1681, 4039.15
1682, 4039.15
1683, 4039.15
1684, 4044.3
1685, 4044.09
1686, 4039.99
1687, 4039.99
1688, 4039.99
1689, 4036.67
1690, 4043.57
1691, 4043.57
1692, 4034.75
1693, 4032
1694, 4032
1695, 4031.44
1696, 4031.44
1697, 4027.12
1698, 4027.12
1699, 4027.12
1700, 4038.17
1701, 4029.71
1702, 4029.71
1703, 4030.14
1704, 4032.11
1705, 4029.37
1706, 4029.37
1707, 4029.37
1708, 4027.44
1709, 4015.44
1710, 4015.44
1711, 4022.74
1712, 4022.74
1713, 4022.74
1714, 4023.35
1715, 4025.35
1716, 4023.79
1717, 4019.86
1718, 4023.22
1719, 4019.3
1720, 4014.37
1721, 4014.37
1722, 4015.98
1723, 4014.42
1724, 4015.42
1725, 4012.85
1726, 4012.85
1727, 4009.54
1728, 4009.54
1729, 4010.36
1730, 4010.94
1731, 4015.48
1732, 4011.76
1733, 4009.2
1734, 4011.2
1735, 4008.45
1736, 4010.42
1737, 4010.42
1738, 4009.85
1739, 4002.57
1740, 4002.57
1741, 4012.44
1742, 4010.87
1743, 4005.77
1744, 4005.77
1745, 4006.59
1746, 4005.02
1747, 4001.1
1748, 4001.1
1749, 3999.14
1750, 3999.14
1751, 3999.96
1752, 3998.4
1753, 4004.11
1754, 3996.65
1755, 3997.44
1756, 3997.44
1757, 3996.87
1758, 3998.85
1759, 3998.85
1760, 3995.71
1761, 3996.92
1762, 3990.64
1763, 3992.61
1764, 3995.97
1765, 3989.68
1766, 3985.94
1767, 3985.94
1768, 3990.88
1769, 3990.88
1770, 3990.31
1771, 3981.88
1772, 3981.88
1773, 3980.13
1774, 3984.64
1775, 3989
1776, 3983.9
1777, 3980.15
1778, 3980.15
1779, 3986.48
1780, 3986.48
1781, 3980.99
1782, 3978.45
1783, 3978.45
1784, 3984.96
1785, 3982.39
1786, 3979.67
1787, 3979.29
1788, 3976.54
1789, 3974
1790, 3971.26
1791, 3971.26
1792, 3975.41
1793, 3972.84
1794, 3973.66
1795, 3974.45
1796, 3971.89
1797, 3971.89
1798, 3977.04
1799, 3978.04
1800, 3969.4
1801, 3968.01
1802, 3968.83
1803, 3969.62
1804, 3968.05
1805, 3969.05
1806, 3967.49
1807, 3965.92
1808, 3966.92
1809, 3964.35
1810, 3965.18
1811, 3962.22
1812, 3963.22
1813, 3960.68
1814, 3965.01
1815, 3957.55
1816, 3963.27
1817, 3965.24
1818, 3963.88
1819, 3959.95
1820, 3950.13
1821, 3959.39
1822, 3948.18
1823, 3948.18
1824, 3948.18
1825, 3953.12
1826, 3952.94
1827, 3951.38
1828, 3951.38
1829, 3953.38
1830, 3950.42
1831, 3950.42
1832, 3950.42
1833, 3951.83
1834, 3950.47
1835, 3950.47
1836, 3949.9
1837, 3949.9
1838, 3949.33
1839, 3947.77
1840, 3947.77
1841, 3949.56
1842, 3945.81
1843, 3945.81
1844, 3942.5
1845, 3942.5
1846, 3943.32
1847, 3941.75
1848, 3941.58
1849, 3938.83
1850, 3938.62
1851, 3941.8
1852, 3941.41
1853, 3932.95
1854, 3937.1
1855, 3937.1
1856, 3937.92
1857, 3932.82
1858, 3933.79
1859, 3933.79
1860, 3934.22
1861, 3925.76
1862, 3925.76
1863, 3925.19
1864, 3925.19
1865, 3926.8
1866, 3925.24
1867, 3926.24
1868, 3929.39
1869, 3929.18
1870, 3929.18
1871, 3931.97
1872, 3926.87
1873, 3926.69
1874, 3919.4
1875, 3919.4
1876, 3918.45
1877, 3921.81
1878, 3921.81
1879, 3918.68
1880, 3918.5
1881, 3918.5
1882, 3919.29
1883, 3921.29
1884, 3918.54
1885, 3915.98
1886, 3916.8
1887, 3916.2
1888, 3916.02
1889, 3911.12
1890, 3909.56
1891, 3913.89
1892, 3913.71
1893, 3915.68
1894, 3915.68
1895, 3912.55
1896, 3908.83
1897, 3908.83
1898, 3911.59
1899, 3911.41
1900, 3911.23
1901, 3909.85
1902, 3911.85
1903, 3910.28
1904, 3902.82
1905, 3902.82
1906, 3899.68
1907, 3899.68
1908, 3908.76
1909, 3902.27
1910, 3905.83
1911, 3907.81
1912, 3901.7
1913, 3901.7
1914, 3899.57
1915, 3899.57
1916, 3899.57
1917, 3890.57
1918, 3895.08
1919, 3895.08
1920, 3895.69
1921, 3895.33
1922, 3891.4
1923, 3894.73
1924, 3896.73
1925, 3891.63
1926, 3890.06
1927, 3892.24
1928, 3890.68
1929, 3890.68
1930, 3892.47
1931, 3886.18
1932, 3886.18
1933, 3885.62
1934, 3885.41
1935, 3887.41
1936, 3878.77
1937, 3879.74
1938, 3879.17
1939, 3879.17
1940, 3879.17
1941, 3879.4
1942, 3879.4
1943, 3879.4
1944, 3881.01
1945, 3882.98
1946, 3880.44
1947, 3877.88
1948, 3881.06
1949, 3879.49
1950, 3869.67
1951, 3877.74
1952, 3878.53
1953, 3874.79
1954, 3873.25
1955, 3875.22
1956, 3876.01
1957, 3872.09
1958, 3872.09
1959, 3876.45
1960, 3870.16
1961, 3865.06
1962, 3865.06
1963, 3871.36
1964, 3871.36
1965, 3871.36
1966, 3870.79
1967, 3870.43
1968, 3868.87
1969, 3867.3
1970, 3865.94
1971, 3866.73
1972, 3861.63
1973, 3861.63
1974, 3864.6
1975, 3864.21
1976, 3864.04
1977, 3862.47
1978, 3862.47
1979, 3864.26
1980, 3860.34
1981, 3860.34
1982, 3862.13
1983, 3864.1
1984, 3863.92
1985, 3857.81
1986, 3859.81
1987, 3854.5
1988, 3854.5
1989, 3854.5
1990, 3852.58
1991, 3856.91
1992, 3855.55
1993, 3856.34
1994, 3853.8
1995, 3853.41
1996, 3850.85
1997, 3855.21
1998, 3850.1
1999, 3849.89
2000, 3849.89
2001, 3850.33
2002, 3841.86
2003, 3841.86
2004, 3845.84
2005, 3845.84
2006, 3840.55
2007, 3836.63
2008, 3836.63
2009, 3840.57
2010, 3840.57
2011, 3840.57
2012, 3841
2013, 3840.82
2014, 3841.61
2015, 3841.23
2016, 3842.23
2017, 3835.94
2018, 3839.09
2019, 3840.09
2020, 3838.53
2021, 3831.24
2022, 3833.24
2023, 3836.57
2024, 3836.57
2025, 3829.93
2026, 3834.44
2027, 3830.54
2028, 3831.34
2029, 3832.31
2030, 3832.31
2031, 3827.02
2032, 3830.2
2033, 3827.46
2034, 3827.25
2035, 3827.25
2036, 3823.94
2037, 3827.29
2038, 3824.76
2039, 3826.73
2040, 3823.98
2041, 3822.41
2042, 3822.41
2043, 3822.41
2044, 3821.67
2045, 3824.82
2046, 3822.28
2047, 3819.54
2048, 3816.79
2049, 3816.79
2050, 3817.58
2051, 3818.4
2052, 3815.66
2053, 3813.09
2054, 3813.09
2055, 3815.88
2056, 3813.14
2057, 3813.14
2058, 3817.29
2059, 3817.11
2060, 3814.36
2061, 3811.62
2062, 3811.62
2063, 3808.48
2064, 3808.48
2065, 3810.48
2066, 3806.56
2067, 3805.17
2068, 3809.53
2069, 3811.5
2070, 3808.96
2071, 3805.04
2072, 3803.47
2073, 3803.29
2074, 3809.98
2075, 3807.41
2076, 3807.41
2077, 3807.85
2078, 3800.38
2079, 3797.64
2080, 3799.82
2081, 3799.82
2082, 3796.89
2083, 3799.04
2084, 3796.32
2085, 3793.37
2086, 3793.37
2087, 3793.37
2088, 3796.16
2089, 3793.62
2090, 3792.06
2091, 3791.85
2092, 3795.03
2093, 3792.28
2094, 3791.89
2095, 3791.72
2096, 3796.05
2097, 3796.05
2098, 3784.66
2099, 3784.66
2100, 3784.66
2101, 3789.81
2102, 3788.42
2103, 3789.24
2104, 3784.14
2105, 3782.57
2106, 3791.82
2107, 3780.82
2108, 3780.82
2109, 3783.79
2110, 3780.05
2111, 3783.23
2112, 3773.41
2113, 3777.92
2114, 3777.92
2115, 3777.35
2116, 3777.35
2117, 3780.14
2118, 3778.57
2119, 3778.57
2120, 3780.37
2121, 3771.9
2122, 3771.9
2123, 3775.87
2124, 3764.87
2125, 3765.87
2126, 3769.2
2127, 3772.38
2128, 3766.1
2129, 3772.97
2130, 3772.97
2131, 3768.68
2132, 3775.37
2133, 3772.83
2134, 3770.27
2135, 3771.09
2136, 3767.16
2137, 3762.06
2138, 3766.59
2139, 3765.03
2140, 3764.82
2141, 3762.1
2142, 3766.43
2143, 3761.54
2144, 3763.51
2145, 3761.94
2146, 3761.94
2147, 3760.2
2148, 3759.81
2149, 3759.81
2150, 3755.5
2151, 3755.5
2152, 3757.5
2153, 3754.75
2154, 3754.75
2155, 3750.44
2156, 3750.44
2157, 3754.8
2158, 3755.59
2159, 3754.2
2160, 3754.2
2161, 3753.45
2162, 3755.63
2163, 3752.89
2164, 3748.96
2165, 3748.96
2166, 3747.22
2167, 3744.65
2168, 3744.65
2169, 3743.9
2170, 3747.23
2171, 3746.67
2172, 3746.67
2173, 3741.59
2174, 3737.46
2175, 3745.53
2176, 3745.53
2177, 3737.68
2178, 3742.22
2179, 3736.14
2180, 3740.47
2181, 3737.94
2182, 3737.55
2183, 3740.7
2184, 3740.7
2185, 3740.13
2186, 3735.21
2187, 3734.85
2188, 3735.64
2189, 3733.07
2190, 3735.07
2191, 3731.15
2192, 3731.15
2193, 3729.4
2194, 3730.2
2195, 3730.2
2196, 3730.81
2197, 3729.42
2198, 3729.42
2199, 3728.85
2200, 3730.85
2201, 3726.72
2202, 3724.18
2203, 3725.18
2204, 3727.15
2205, 3723.41
2206, 3727.77
2207, 3728.56
2208, 3724.63
2209, 3724.45
2210, 3727.78
2211, 3727.78
2212, 3723.29
2213, 3723.29
2214, 3723.29
2215, 3717.62
2216, 3719.8
2217, 3720.8
2218, 3715.87
2219, 3717.87
2220, 3712.77
2221, 3713.56
2222, 3713.56
2223, 3709.25
2224, 3711.43
2225, 3711.25
2226, 3710.86
2227, 3713.04
2228, 3715.01
2229, 3714.63
2230, 3712.09
2231, 3709.34
2232, 3704.24
2233, 3704.24
2234, 3710.75
2235, 3709.18
2236, 3705.46
2237, 3702.9
2238, 3702.9
2239, 3703.33
2240, 3695.87
2241, 3695.87
2242, 3695.3
2243, 3696.27
2244, 3696.27
2245, 3698.85
2246, 3699.85
2247, 3700.85
2248, 3694.57
2249, 3694.57
2250, 3697.33
2251, 3697.33
2252, 3697.33
2253, 3694.02
2254, 3697.38
2255, 3695.81
2256, 3695.81
2257, 3695.81
2258, 3688.96
2259, 3688.96
2260, 3689.78
2261, 3689.4
2262, 3691.55
2263, 3693.55
2264, 3689.41
2265, 3689.41
2266, 3691.41
2267, 3688.67
2268, 3688.67
2269, 3687.89
2270, 3685.35
2271, 3685.35
2272, 3685.97
2273, 3685.76
2274, 3686.58
2275, 3684.01
2276, 3684.01
2277, 3683.27
2278, 3677.16
2279, 3680.34
2280, 3681.13
2281, 3681.93
2282, 3681.93
2283, 3683.9
2284, 3684.72
2285, 3674.9
2286, 3672.33
2287, 3673.15
2288, 3673.73
2289, 3675.91
2290, 3675.91
2291, 3671.81
2292, 3672.6
2293, 3672.42
2294, 3673.39
2295, 3673.39
2296, 3671.47
2297, 3664.18
2298, 3662.65
2299, 3659.69
2300, 3659.69
2301, 3667.59
2302, 3672.1
2303, 3672.92
2304, 3670.17
2305, 3665.25
2306, 3662.53
2307, 3665.68
2308, 3666.65
2309, 3659.22
2310, 3664.73
2311, 3663.16
2312, 3661.59
2313, 3660.23
2314, 3660.23
2315, 3663.21
2316, 3655.92
2317, 3655.92
2318, 3657.33
2319, 3657.33
2320, 3658.15
2321, 3657.76
2322, 3657.76
2323, 3654.83
2324, 3659.16
2325, 3659.16
2326, 3651.52
2327, 3657.03
2328, 3657.03
2329, 3654.11
2330, 3655.11
2331, 3646.26
2332, 3646.08
2333, 3646.08
2334, 3639.4
2335, 3647.48
2336, 3647.48
2337, 3648.09
2338, 3645.53
2339, 3644.96
2340, 3644.96
2341, 3644.96
2342, 3650.11
2343, 3636.93
2344, 3636.93
2345, 3634.8
2346, 3634.8
2347, 3640.33
2348, 3637.77
2349, 3637.77
2350, 3642.92
2351, 3639.17
2352, 3639.17
2353, 3633.71
2354, 3633.5
2355, 3633.5
2356, 3632.76
2357, 3633.73
2358, 3639.26
2359, 3634.16
2360, 3633.98
2361, 3632.41
2362, 3633.21
2363, 3633.21
2364, 3631.25
2365, 3631.25
2366, 3625
2367, 3629.51
2368, 3631.51
2369, 3625.22
2370, 3626.01
2371, 3625.83
2372, 3630.16
2373, 3622.7
2374, 3615.45
2375, 3624.49
2376, 3622.93
2377, 3622.75
2378, 3623.72
2379, 3626.9
2380, 3620.61
2381, 3614.51
2382, 3618.87
2383, 3625.56
2384, 3622.81
2385, 3623.81
2386, 3616.35
2387, 3613.81
2388, 3619.32
2389, 3620.11
2390, 3617.57
2391, 3617.19
2392, 3610.9
2393, 3610.9
2394, 3616.23
2395, 3616.05
2396, 3609.77
2397, 3610.56
2398, 3612.74
2399, 3605.28
2400, 3607.43
2401, 3607.43
2402, 3607.65
2403, 3607.65
2404, 3607.65
2405, 3609.27
2406, 3607.91
2407, 3601.62
2408, 3601.41
2409, 3601.41
2410, 3606.57
2411, 3603.82
2412, 3603.82
2413, 3605.61
2414, 3600.51
2415, 3600.33
2416, 3599.94
2417, 3599.94
2418, 3595.84
2419, 3601.34
2420, 3601.34
2421, 3596.06
2422, 3594.49
2423, 3592.93
2424, 3592.93
2425, 3592.93
2426, 3594.54
2427, 3589.44
2428, 3589.44
2429, 3590.05
2430, 3589.84
2431, 3589.84
2432, 3593.99
2433, 3593.99
2434, 3592.07
2435, 3597.75
2436, 3597.75
2437, 3587.57
2438, 3587.19
2439, 3587.19
2440, 3587.8
2441, 3586.23
2442, 3584.67
2443, 3588.02
2444, 3588.02
2445, 3583.71
2446, 3583.53
2447, 3583.53
2448, 3584.14
2449, 3582.76
2450, 3583.58
2451, 3581.01
2452, 3581.83
2453, 3582.62
2454, 3584.6
2455, 3585.6
2456, 3574.39
2457, 3574.21
2458, 3574.21
2459, 3574.82
2460, 3572.28
2461, 3575.43
2462, 3571.69
2463, 3571.69
2464, 3574.48
2465, 3566.01
2466, 3572.73
2467, 3573.32
2468, 3573.32
2469, 3572.96
2470, 3569.03
2471, 3573.57
2472, 3566.11
2473, 3568.26
2474, 3568.26
2475, 3566.12
2476, 3565.94
2477, 3565.94
2478, 3570.1
2479, 3568.74
2480, 3567.17
2481, 3562.24
2482, 3562.24
2483, 3567.4
2484, 3559.93
2485, 3559.93
2486, 3560.54
2487, 3556.8
2488, 3568.23
2489, 3559.77
2490, 3561.77
2491, 3560.2
2492, 3559.82
2493, 3556.1
2494, 3559.25
2495, 3556.5
2496, 3556.5
2497, 3555.94
2498, 3555.94
2499, 3549.27
2500, 3550.27
2501, 3550.27
2502, 3554.42
2503, 3552.85
2504, 3550.31
2505, 3552.28
2506, 3550.9
2507, 3552.9
2508, 3557.41
2509, 3545.25
2510, 3543.48
2511, 3550.38
2512, 3550.38
2513, 3545.09
2514, 3547.24
2515, 3545.7
2516, 3544.32
2517, 3544.32
2518, 3541.21
2519, 3542.18
2520, 3542.18
2521, 3543.59
2522, 3543.59
2523, 3543.59
2524, 3540.48
2525, 3537.92
2526, 3535.2
2527, 3542.07
2528, 3542.07
2529, 3535.22
2530, 3535.22
2531, 3535.22
2532, 3540.37
2533, 3538.98
2534, 3538.98
2535, 3531.34
2536, 3542.77
2537, 3535.31
2538, 3531.38
2539, 3533.56
2540, 3529.43
2541, 3529.25
2542, 3529.25
2543, 3536.94
2544, 3535.58
2545, 3526.94
2546, 3532.45
2547, 3532.45
2548, 3530.7
2549, 3524.42
2550, 3524.42
2551, 3530.93
2552, 3530.54
2553, 3530.36
2554, 3529.97
2555, 3530.97
2556, 3523.51
2557, 3525.66
2558, 3525.66
2559, 3520.2
2560, 3517.63
2561, 3524.35
2562, 3525.14
2563, 3522.6
2564, 3514.93
2565, 3518.29
2566, 3518.29
2567, 3516.33
2568, 3516.33
2569, 3516.33
2570, 3514.41
2571, 3513.02
2572, 3513.02
2573, 3509.92
2574, 3509.92
2575, 3515.25
2576, 3517.22
2577, 3512.32
2578, 3511.93
2579, 3510.55
2580, 3510.55
2581, 3510.98
2582, 3510.98
2583, 3512.77
2584, 3510.21
2585, 3510.21
2586, 3514.18
2587, 3508.07
2588, 3508.89
2589, 3515.58
2590, 3506.94
2591, 3506.76
2592, 3504.01
2593, 3504.01
2594, 3508.16
2595, 3505.6
2596, 3505.6
2597, 3502.49
2598, 3505.82
2599, 3505.82
2600, 3500.54
2601, 3500.54
2602, 3498.61
2603, 3495.87
2604, 3505.12
2605, 3500.02
2606, 3503.35
2607, 3503.35
2608, 3503.78
2609, 3499.86
2610, 3502.04
2611, 3500.47
2612, 3500.47
2613, 3489.29
2614, 3490.26
2615, 3490.26
2616, 3500.13
2617, 3495.2
2618, 3501.92
2619, 3493.28
2620, 3493.1
2621, 3498.61
2622, 3493.68
2623, 3489.79
2624, 3489.4
2625, 3490.19
2626, 3495.91
2627, 3495.52
2628, 3495.34
2629, 3485.52
2630, 3484.13
2631, 3484.13
2632, 3490.46
2633, 3490.07
2634, 3490.07
2635, 3488.12
2636, 3487.94
2637, 3487.76
2638, 3489.91
2639, 3487.19
2640, 3487.99
2641, 3487.78
2642, 3487.78
2643, 3481.14
2644, 3479.75
2645, 3479.75
2646, 3479
2647, 3480
2648, 3478.44
2649, 3475.69
2650, 3475.69
2651, 3478.66
2652, 3477.1
2653, 3477.1
2654, 3477.71
2655, 3478.5
2656, 3478.5
2657, 3476.75
2658, 3473.04
2659, 3476.19
2660, 3473.44
2661, 3476.8
2662, 3477.59
2663, 3474.85
2664, 3474.85
2665, 3476.64
2666, 3472.71
2667, 3473.5
2668, 3473.5
2669, 3473.5
2670, 3473.94
2671, 3466.65
2672, 3467.47
2673, 3469.45
2674, 3469.24
2675, 3473.6
2676, 3466.31
2677, 3466.31
2678, 3472.64
2679, 3469.9
2680, 3463.82
2681, 3467.94
2682, 3467.94
2683, 3467.58
2684, 3467.2
2685, 3467.02
2686, 3466.63
2687, 3459.35
2688, 3459.35
2689, 3468.03
2690, 3467.65
2691, 3467.65
2692, 3458.83
2693, 3463.16
2694, 3462.98
2695, 3454.51
2696, 3454.51
2697, 3457.3
2698, 3455.74
2699, 3461.46
2700, 3459.89
2701, 3458.32
2702, 3458.14
2703, 3460.29
2704, 3462.29
2705, 3459.55
2706, 3448.73
2707, 3448.73
2708, 3449.16
2709, 3448.95
2710, 3448.95
2711, 3455.28
2712, 3453.71
2713, 3454.71
2714, 3454.51
2715, 3456.51
2716, 3446.68
2717, 3451.01
2718, 3451.01
2719, 3449.27
2720, 3448.88
2721, 3447.52
2722, 3446.13
2723, 3446.13
2724, 3453.64
2725, 3447.54
2726, 3447.54
2727, 3447.97
2728, 3454.66
2729, 3454.66
2730, 3445.84
2731, 3449.2
2732, 3448.81
2733, 3449.6
2734, 3450.6
2735, 3440.57
2736, 3442.75
2737, 3446.11
2738, 3432.54
2739, 3432.54
2740, 3431.98
2741, 3431.98
2742, 3431.98
2743, 3432.41
2744, 3431.02
2745, 3431.02
2746, 3440.89
2747, 3438.32
2748, 3440.32
2749, 3434.04
2750, 3437.4
2751, 3434.65
2752, 3433.27
2753, 3433.27
2754, 3441.95
2755, 3432.31
2756, 3432.31
2757, 3433.92
2758, 3437.07
2759, 3436.9
2760, 3440.23
2761, 3440.23
2762, 3428.87
2763, 3419.22
2764, 3419.22
2765, 3424.37
2766, 3425.17
2767, 3436.78
2768, 3430.67
2769, 3430.32
2770, 3431.11
2771, 3429.72
2772, 3431.72
2773, 3422.87
2774, 3422.87
2775, 3422.87
2776, 3425.66
2777, 3429.99
2778, 3430.99
2779, 3426.07
2780, 3431.6
2781, 3431.22
2782, 3434.55
2783, 3427.11
2784, 3426.73
2785, 3431.23
2786, 3433.23
2787, 3417.52
2788, 3432.67
2789, 3426.38
2790, 3426.18
2791, 3426.18
2792, 3414.82
2793, 3413.43
2794, 3413.43
2795, 3420.94
2796, 3425.48
2797, 3419.19
2798, 3422.34
2799, 3422.34
2800, 3428.85
2801, 3420.39
2802, 3420.39
2803, 3418.46
2804, 3418.26
2805, 3419.08
2806, 3421.05
2807, 3418.51
2808, 3418.12
2809, 3411.84
2810, 3411.84
2811, 3418.35
2812, 3406.35
2813, 3406.35
2814, 3424.47
2815, 3414.86
2816, 3419.19
2817, 3409.36
2818, 3409.36
2819, 3414.69
2820, 3409.77
2821, 3409.77
2822, 3412.56
2823, 3408.81
2824, 3415.53
2825, 3413.97
2826, 3413.97
2827, 3412.22
2828, 3407.29
2829, 3407.29
2830, 3414.8
2831, 3408.7
2832, 3408.7
2833, 3405.77
2834, 3410.13
2835, 3409.74
2836, 3408.18
2837, 3408.18
2838, 3406.43
2839, 3407.4
2840, 3402.33
2841, 3397.22
2842, 3407.63
2843, 3404.91
2844, 3399.81
2845, 3399.81
2846, 3413.39
2847, 3408.47
2848, 3406.93
2849, 3410.08
2850, 3407.51
2851, 3407.51
2852, 3408.13
2853, 3410.13
2854, 3402.66
2855, 3407.17
2856, 3407.99
2857, 3405.25
2858, 3404.86
2859, 3404.86
2860, 3401.93
2861, 3406.26
2862, 3407.26
2863, 3399.8
2864, 3399.8
2865, 3398.05
2866, 3406.1
2867, 3406.1
2868, 3406.54
2869, 3406.33
2870, 3408.33
2871, 3407.94
2872, 3408.94
2873, 3407.37
2874, 3405.99
2875, 3405.99
2876, 3408.78
2877, 3397.96
2878, 3397.96
2879, 3411.36
2880, 3418.26
2881, 3407.26
2882, 3404.69
2883, 3404.69
2884, 3412.2
2885, 3420.25
2886, 3420.25
2887, 3420.68
2888, 3416.76
2889, 3416.76
2890, 3417.37
2891, 3417.37
2892, 3422.7
2893, 3423.49
2894, 3426.85
2895, 3424.1
2896, 3422.72
2897, 3422.72
2898, 3421.97
2899, 3421.97
2900, 3424.94
2901, 3430.45
2902, 3430.45
2903, 3428.7
2904, 3435.57
2905, 3439.93
2906, 3437.18
2907, 3439.34
2908, 3441.34
2909, 3443.49
2910, 3445.49
2911, 3441.56
2912, 3456.68
2913, 3456.68
2914, 3465.37
2915, 3466.34
2916, 3466.34
2917, 3458.7
2918, 3458.7
2919, 3469.75
2920, 3460.11
2921, 3460.11
2922, 3472.33
2923, 3478.02
2924, 3478.02
2925, 3473.74
2926, 3485.14
2927, 3484.96
2928, 3480.04
2929, 3480.04
2930, 3496.98
2931, 3505.03
2932, 3505.03
2933, 3533.77
2934, 3540.64
2935, 3540.64
2936, 3558.94
2937, 3560.94
2938, 3581.78
2939, 3603.98
2940, 3605.98
2941, 3668.1
2942, 3731.57
2943, 3731.57
2944, 3809.84
2945, 3809.84
