0, 1643.62
1, 1353.15
2, 1301.91
3, 1262.69
4, 1254.1
5, 1250.2
6, 1225.69
7, 1213.21
8, 1213.2
9, 1203.17
10, 1193.37
11, 1195.82
12, 1183.56
13, 1190.69
14, 1189.46
15, 1184.56
16, 1185.56
17, 1181.65
18, 1177.97
19, 1177.97
20, 1171.62
21, 1172.84
22, 1172.84
23, 1170.16
24, 1167.71
25, 1168.71
26, 1173.61
27, 1165.03
28, 1166.03
29, 1167.25
30, 1162.35
31, 1160.9
32, 1158.44
33, 1158.44
34, 1158.22
35, 1152.09
36, 1151.86
37, 1156.76
38, 1155.53
39, 1151.85
40, 1150.4
41, 1154.08
42, 1150.4
43, 1150.4
44, 1150.4
45, 1152.4
46, 1147.49
47, 1148.72
48, 1149.72
49, 1149.71
50, 1149.49
51, 1148.26
52, 1144.58
53, 1145.58
54, 1140.9
55, 1142.9
56, 1139.22
57, 1137
58, 1137.77
59, 1135.32
60, 1134.32
61, 1134.09
62, 1133.86
63, 1136.09
64, 1133.64
65, 1131.18
66, 1129.95
67, 1129.95
68, 1129.73
69, 1131.95
70, 1127.05
71, 1130.72
72, 1123.14
73, 1130.5
74, 1123.14
75, 1123.14
76, 1126.59
77, 1124.14
78, 1124.14
79, 1125.13
80, 1120.23
81, 1122.45
82, 1122.45
83, 1122.23
84, 1121
85, 1119.55
86, 1121
87, 1119.77
88, 1121.77
89, 1111.96
90, 1111.96
91, 1112.96
92, 1122.76
93, 1122.54
94, 1120.31
95, 1113.95
96, 1113.73
97, 1111.5
98, 1116.18
99, 1113.72
100, 1112.27
101, 1112.05
102, 1111.04
103, 1107.14
104, 1104.69
105, 1104.69
106, 1104.68
107, 1105.46
108, 1109.13
109, 1111.36
110, 1105.23
111, 1108.9
112, 1111.13
113, 1105
114, 1105.22
115, 1100.09
116, 1106
117, 1107.22
118, 1102.31
119, 1108.22
120, 1109.22
121, 1106.76
122, 1105.76
123, 1098.18
124, 1098.18
125, 1101.63
126, 1103.86
127, 1097.73
128, 1097.73
129, 1097.5
130, 1098.72
131, 1098.72
132, 1098.72
133, 1097.27
134, 1097.04
135, 1094.81
136, 1094.58
137, 1099.26
138, 1094.36
139, 1094.13
140, 1096.81
141, 1095.35
142, 1088
143, 1088
144, 1093.9
145, 1094.9
146, 1093.67
147, 1097.12
148, 1089.77
149, 1090.99
150, 1090.99
151, 1090.99
152, 1090.99
153, 1089.53
154, 1089.53
155, 1086.85
156, 1090.3
157, 1089.08
158, 1091.3
159, 1087.85
160, 1086.62
161, 1087.4
162, 1088.62
163, 1081.26
164, 1080.04
165, 1084.71
166, 1086.94
167, 1080.81
168, 1078.58
169, 1078.35
170, 1078.35
171, 1079.35
172, 1077.9
173, 1074.45
174, 1075.44
175, 1077.67
176, 1075.22
177, 1076.22
178, 1078.89
179, 1077.44
180, 1077.21
181, 1074.76
182, 1074.76
183, 1075.76
184, 1071.08
185, 1076.76
186, 1074.3
187, 1072.08
188, 1070.62
189, 1070.62
190, 1072.85
191, 1072.62
192, 1072.62
193, 1072.62
194, 1067.71
195, 1068.71
196, 1073.39
197, 1067.26
198, 1068.48
199, 1068.48
200, 1068.48
201, 1068.25
202, 1065.8
203, 1065.8
204, 1067.8
205, 1063.12
206, 1065.34
207, 1061.66
208, 1062.66
209, 1062.66
210, 1059.99
211, 1065.11
212, 1060.98
213, 1057.53
214, 1057.53
215, 1059.53
216, 1057.3
217, 1058.3
218, 1059.52
219, 1056.85
220, 1055.62
221, 1055.39
222, 1056.84
223, 1055.39
224, 1056.39
225, 1058.84
226, 1053.93
227, 1053.93
228, 1053.93
229, 1053.7
230, 1053.48
231, 1053.48
232, 1050.8
233, 1055.7
234, 1045.89
235, 1050.57
236, 1051.79
237, 1048.11
238, 1050.34
239, 1052.79
240, 1051.34
241, 1052.56
242, 1046.21
243, 1051.33
244, 1051.11
245, 1049.65
246, 1051.1
247, 1044.75
248, 1043.52
249, 1043.52
250, 1049.2
251, 1044.52
252, 1045.52
253, 1044.29
254, 1044.29
255, 1044.29
256, 1041.38
257, 1041.61
258, 1041.61
259, 1043.61
260, 1041.15
261, 1039.92
262, 1039.92
263, 1045.83
264, 1037.24
265, 1041.92
266, 1040.69
267, 1036.79
268, 1035.56
269, 1040.24
270, 1040.24
271, 1038.01
272, 1038.78
273, 1035.11
274, 1040.01
275, 1037.33
276, 1037.33
277, 1034.65
278, 1034.65
279, 1034.65
280, 1029.74
281, 1029.52
282, 1032.19
283, 1030.74
284, 1030.74
285, 1031.74
286, 1030.51
287, 1030.51
288, 1030.28
289, 1030.28
290, 1030.28
291, 1031.05
292, 1023.92
293, 1027.37
294, 1027.15
295, 1023.69
296, 1023.69
297, 1023.47
298, 1022.24
299, 1024.24
300, 1025.69
301, 1026.69
302, 1022.78
303, 1020.33
304, 1025.23
305, 1023.78
306, 1022.78
307, 1018.87
308, 1021.1
309, 1018.87
310, 1014.97
311, 1014.97
312, 1017.19
313, 1018.19
314, 1014.74
315, 1014.74
316, 1019.19
317, 1016.96
318, 1018.96
319, 1016.73
320, 1015.28
321, 1013.83
322, 1015.05
323, 1016.27
324, 1017.27
325, 1016.04
326, 1017.04
327, 1014.82
328, 1013.59
329, 1012.14
330, 1012.14
331, 1010.68
332, 1011.68
333, 1011.68
334, 1009
335, 1010.45
336, 1010.45
337, 1007.77
338, 1006.32
339, 1007.77
340, 1008.55
341, 1005.09
342, 1010.77
343, 1006.09
344, 1005.86
345, 1006.86
346, 1006.86
347, 1004.63
348, 1005.41
349, 1000.73
350, 1001.73
351, 1001.72
352, 1001.72
353, 1004.95
354, 1003.72
355, 1001.49
356, 1001.04
357, 1001.04
358, 1000.04
359, 1000.81
360, 998.586
361, 998.586
362, 999.358
363, 998.356
364, 1000.36
365, 995.452
366, 1000.35
367, 995.448
368, 995.448
369, 996.446
370, 993.992
371, 993.992
372, 998.443
373, 991.314
374, 992.537
375, 991.084
376, 990.858
377, 991.082
378, 991.856
379, 991.854
380, 991.854
381, 990.626
382, 992.85
383, 991.622
384, 991.622
385, 992.62
386, 990.167
387, 990.167
388, 991.165
389, 990.939
390, 986.035
391, 986.033
392, 987.033
393, 985.805
394, 984.578
395, 984.578
396, 981.899
397, 984.348
398, 984.348
399, 984.348
400, 984.12
401, 981.667
402, 982.442
403, 982.665
404, 981.212
405, 978.759
406, 979.759
407, 979.757
408, 975.854
409, 980.755
410, 979.303
411, 978.301
412, 979.299
413, 981.525
414, 976.846
415, 976.618
416, 977.618
417, 981.293
418, 977.391
419, 978.84
420, 972.71
421, 978.387
422, 977.159
423, 976.157
424, 976.931
425, 969.801
426, 969.801
427, 975.476
428, 974.248
429, 973.021
430, 973.021
431, 969.342
432, 970.116
433, 967.889
434, 968.887
435, 972.338
436, 968.885
437, 968.885
438, 967.432
439, 964.978
440, 965.753
441, 964.525
442, 967.2
443, 969.2
444, 966.972
445, 966.972
446, 968.97
447, 967.968
448, 967.517
449, 961.387
450, 966.287
451, 966.062
452, 964.834
453, 962.381
454, 959.927
455, 959.927
456, 961.927
457, 954.798
458, 953.57
459, 954.344
460, 954.568
461, 959.468
462, 960.243
463, 959.24
464, 960.015
465, 956.562
466, 955.334
467, 961.011
468, 956.106
469, 958.555
470, 958.33
471, 953.426
472, 953.423
473, 955.649
474, 956.873
475, 955.645
476, 955.645
477, 948.064
478, 947.838
479, 955.415
480, 955.188
481, 951.285
482, 955.186
483, 955.186
484, 954.958
485, 955.956
486, 954.505
487, 953.503
488, 948.598
489, 949.596
490, 950.596
491, 946.917
492, 946.692
493, 947.915
494, 947.69
495, 945.462
496, 950.137
497, 946.234
498, 941.33
499, 941.328
500, 942.328
501, 945.003
502, 947.003
503, 943.55
504, 942.322
505, 943.096
506, 941.869
507, 944.543
508, 945.318
509, 943.09
510, 943.09
511, 945.088
512, 943.86
513, 944.86
514, 936.505
515, 939.954
516, 937.501
517, 937.501
518, 939.724
519, 933.594
520, 933.594
521, 933.594
522, 939.269
523, 939.267
524, 940.267
525, 936.588
526, 936.586
527, 932.684
528, 936.584
529, 936.133
530, 930.226
531, 931.226
532, 932.226
533, 929.773
534, 932.448
535, 933.222
536, 932.22
537, 933.218
538, 930.541
539, 930.765
540, 929.312
541, 929.312
542, 930.535
543, 931.31
544, 931.533
545, 923.952
546, 924.952
547, 923.95
548, 923.95
549, 928.399
550, 925.946
551, 930.623
552, 922.267
553, 919.814
554, 918.361
555, 924.263
556, 923.035
557, 924.035
558, 922.808
559, 923.808
560, 921.355
561, 919.127
562, 919.901
563, 916.448
564, 923.574
565, 913.767
566, 913.767
567, 913.767
568, 915.991
569, 921.891
570, 919.214
571, 915.761
572, 914.533
573, 911.855
574, 912.855
575, 916.529
576, 916.304
577, 915.076
578, 916.076
579, 912.397
580, 908.944
581, 909.719
582, 916.07
583, 910.94
584, 911.94
585, 910.938
586, 919.066
587, 918.064
588, 916.836
589, 917.611
590, 913.932
591, 911.704
592, 912.479
593, 910.251
594, 910.251
595, 909.798
596, 906.119
597, 904.891
598, 904.891
599, 908.34
600, 907.113
601, 907.113
602, 906.885
603, 906.66
604, 905.657
605, 905.657
606, 905.43
607, 906.428
608, 906.202
609, 903.975
610, 902.521
611, 906.196
612, 906.196
613, 906.196
614, 904.517
615, 901.064
616, 900.836
617, 899.385
618, 898.383
619, 904.06
620, 900.607
621, 895.477
622, 896.477
623, 894.249
624, 895.247
625, 895.247
626, 894.019
627, 894.794
628, 893.792
629, 894.79
630, 894.788
631, 894.788
632, 894.336
633, 901.688
634, 899.46
635, 900.235
636, 895.556
637, 895.554
638, 896.328
639, 892.875
640, 893.873
641, 893.647
642, 893.645
643, 894.645
644, 893.643
645, 891.19
646, 891.964
647, 889.737
648, 890.735
649, 891.735
650, 889.282
651, 889.282
652, 890.279
653, 886.826
654, 885.373
655, 887.599
656, 885.371
657, 887.371
658, 887.369
659, 884.916
660, 884.69
661, 882.237
662, 885.688
663, 883.46
664, 882.233
665, 883.007
666, 886.682
667, 885.454
668, 886.454
669, 884.227
670, 883.775
671, 882.773
672, 883.771
673, 881.318
674, 881.318
675, 881.316
676, 882.09
677, 881.088
678, 881.088
679, 881.861
680, 883.084
681, 881.633
682, 882.857
683, 886.531
684, 886.306
685, 880.401
686, 885.076
687, 884.851
688, 882.623
689, 884.623
690, 882.395
691, 886.07
692, 886.844
693, 880.94
694, 882.163
695, 880.487
696, 884.387
697, 884.387
698, 881.483
699, 881.706
700, 883.706
701, 882.704
702, 887.379
703, 887.153
704, 886.151
705, 883.472
706, 888.149
707, 878.568
708, 884.245
709, 882.017
710, 890.594
711, 891.368
712, 880.562
713, 883.011
714, 888.688
715, 885.234
716, 888.46
717, 889.909
718, 889.907
719, 887.005
720, 887.003
721, 894.354
722, 895.354
723, 889.45
724, 892.899
725, 891.448
726, 891.446
727, 892.446
728, 895.12
729, 897.569
730, 897.118
731, 895.891
732, 903.242
733, 904.242
734, 913.045
735, 915.045
736, 910.366
737, 915.266
738, 916.04
739, 927.294
740, 937.097
741, 937.871
742, 958.929
743, 958.929
