0, 3511.34
1, 3013.66
2, 2896.52
3, 2808.86
4, 2788.1
5, 2771.38
6, 2746.79
7, 2733.43
8, 2716.53
9, 2705.74
10, 2691.2
11, 2693.17
12, 2688.27
13, 2677.27
14, 2674.74
15, 2681.42
16, 2669.45
17, 2656.09
18, 2654.52
19, 2646.09
20, 2643.34
21, 2641.78
22, 2642.78
23, 2635.31
24, 2641.03
25, 2635.93
26, 2636.72
27, 2634.18
28, 2627.9
29, 2627.51
30, 2627.12
31, 2625.76
32, 2626.56
33, 2619.3
34, 2620.09
35, 2616.37
36, 2615.99
37, 2614.42
38, 2613.06
39, 2606.78
40, 2604.03
41, 2604.82
42, 2602.29
43, 2599.54
44, 2608.8
45, 2600.15
46, 2599.97
47, 2592.51
48, 2592.12
49, 2587.02
50, 2591.56
51, 2587.63
52, 2586.27
53, 2588.24
54, 2579.6
55, 2582.96
56, 2583.75
57, 2582.18
58, 2583.18
59, 2580.44
60, 2577.69
61, 2581.05
62, 2571.44
63, 2567.51
64, 2573.02
65, 2571.66
66, 2573.63
67, 2563.81
68, 2567.17
69, 2564.6
70, 2560.5
71, 2562.68
72, 2567.01
73, 2557.19
74, 2557.01
75, 2557.8
76, 2556.23
77, 2557.23
78, 2562.74
79, 2553.13
80, 2551.56
81, 2551.17
82, 2552.17
83, 2550.79
84, 2552.79
85, 2548.86
86, 2548.47
87, 2553.01
88, 2545.55
89, 2543.98
90, 2548.52
91, 2544.77
92, 2544.42
93, 2545.21
94, 2537.74
95, 2538.74
96, 2540.89
97, 2540.33
98, 2537.79
99, 2539.76
100, 2532.3
101, 2532.3
102, 2530.55
103, 2531.34
104, 2531.34
105, 2531.96
106, 2531.78
107, 2534.93
108, 2533.57
109, 2533.18
110, 2529.44
111, 2530.26
112, 2529.87
113, 2530.66
114, 2529.09
115, 2532.45
116, 2528.53
117, 2525.99
118, 2524.42
119, 2521.68
120, 2521.68
121, 2521.29
122, 2522.11
123, 2519.36
124, 2516.62
125, 2510.33
126, 2518.41
127, 2520.59
128, 2519.02
129, 2517.64
130, 2512.35
131, 2510.99
132, 2510.61
133, 2516.32
134, 2510.04
135, 2506.11
136, 2505.93
137, 2504.37
138, 2508.91
139, 2501.44
140, 2504.59
141, 2507.95
142, 2501.67
143, 2503.64
144, 2504.43
145, 2503.07
146, 2501.51
147, 2503.69
148, 2499.76
149, 2492.5
150, 2499.37
151, 2499.99
152, 2499.81
153, 2495.88
154, 2493.13
155, 2495.31
156, 2492.57
157, 2489.82
158, 2489.82
159, 2492.79
160, 2490.05
161, 2490.05
162, 2489.48
163, 2491.66
164, 2485.56
165, 2492.27
166, 2484.99
167, 2484.42
168, 2487.78
169, 2487.57
170, 2489.37
171, 2485.65
172, 2482.9
173, 2481.34
174, 2482.34
175, 2479.77
176, 2475.87
177, 2482.56
178, 2472.74
179, 2475.89
180, 2475.89
181, 2477.68
182, 2477.5
183, 2478.29
184, 2473.4
185, 2470.65
186, 2471.62
187, 2469.88
188, 2469.88
189, 2475.21
190, 2470.31
191, 2466.38
192, 2468.56
193, 2474.25
194, 2464.25
195, 2465.04
196, 2462.51
197, 2463.3
198, 2461.73
199, 2461.73
200, 2462.34
201, 2465.7
202, 2460.6
203, 2460.42
204, 2461.21
205, 2456.11
206, 2459.46
207, 2459.08
208, 2463.41
209, 2457.12
210, 2459.3
211, 2460.3
212, 2454.02
213, 2454.81
214, 2450.88
215, 2455.42
216, 2455.04
217, 2448.75
218, 2440.32
219, 2438.75
220, 2448.01
221, 2442.9
222, 2446.26
223, 2447.05
224, 2445.66
225, 2443.92
226, 2443.92
227, 2443.35
228, 2443.35
229, 2441.78
230, 2443.78
231, 2438.68
232, 2440.65
233, 2435.55
234, 2435.55
235, 2438.52
236, 2438.34
237, 2437.95
238, 2435.21
239, 2433.85
240, 2431.28
241, 2429.53
242, 2431.71
243, 2426.61
244, 2425.04
245, 2425.04
246, 2426.83
247, 2430.19
248, 2427.63
249, 2434.34
250, 2429.24
251, 2425.31
252, 2428.67
253, 2425.93
254, 2427.9
255, 2428.9
256, 2419.08
257, 2416.33
258, 2416.33
259, 2414.76
260, 2413.02
261, 2413.02
262, 2418.35
263, 2418.17
264, 2419.14
265, 2416.21
266, 2416.03
267, 2414.47
268, 2409.36
269, 2410.36
270, 2412.33
271, 2412.16
272, 2407.05
273, 2407.84
274, 2405.1
275, 2413.17
276, 2411.61
277, 2411.61
278, 2407.5
279, 2404.76
280, 2403.4
281, 2410.09
282, 2407.55
283, 2402.44
284, 2403.23
285, 2405.41
286, 2407.39
287, 2403.67
288, 2398.56
289, 2397
290, 2402.71
291, 2397.79
292, 2397.22
293, 2394.48
294, 2399.01
295, 2397.66
296, 2393.73
297, 2394.7
298, 2393.16
299, 2393.96
300, 2394.75
301, 2389.64
302, 2395.36
303, 2393.79
304, 2394.79
305, 2389.69
306, 2386.94
307, 2386.94
308, 2386.38
309, 2390.71
310, 2390.53
311, 2386.6
312, 2387.6
313, 2388.57
314, 2384.47
315, 2381.93
316, 2381.54
317, 2381.36
318, 2385.69
319, 2382.95
320, 2376.87
321, 2376.48
322, 2376.1
323, 2384.17
324, 2376.89
325, 2377.71
326, 2374.96
327, 2375.76
328, 2376.76
329, 2376.37
330, 2370.08
331, 2370.08
332, 2373.06
333, 2372.88
334, 2372.49
335, 2367.38
336, 2373.1
337, 2368
338, 2369.97
339, 2369.79
340, 2367.04
341, 2359.58
342, 2364.12
343, 2363.73
344, 2360.98
345, 2363.16
346, 2362.78
347, 2363.78
348, 2362.21
349, 2360.64
350, 2359.28
351, 2356.72
352, 2356.15
353, 2355.97
354, 2355.76
355, 2354.02
356, 2354.02
357, 2355.81
358, 2351.88
359, 2354.06
360, 2352.5
361, 2352.5
362, 2350.93
363, 2351.75
364, 2348.01
365, 2353.34
366, 2350.59
367, 2350.59
368, 2348.84
369, 2348.84
370, 2347.28
371, 2345.74
372, 2344.17
373, 2342.78
374, 2345.96
375, 2345.58
376, 2341.65
377, 2342.44
378, 2341.08
379, 2344.24
380, 2344.06
381, 2342.67
382, 2339.95
383, 2337.38
384, 2336.82
385, 2336.64
386, 2334.07
387, 2333.51
388, 2333.51
389, 2331.94
390, 2332.76
391, 2333.55
392, 2332.16
393, 2330.63
394, 2326.88
395, 2325.13
396, 2326.13
397, 2323.57
398, 2323
399, 2326.36
400, 2325.97
401, 2323.23
402, 2323.23
403, 2325.02
404, 2326.02
405, 2324.45
406, 2321.71
407, 2321.71
408, 2318.78
409, 2316.03
410, 2316.03
411, 2316.65
412, 2315.08
413, 2317.26
414, 2320.41
415, 2320.41
416, 2313.95
417, 2309.05
418, 2312.38
419, 2312.99
420, 2309.07
421, 2310.07
422, 2313.22
423, 2314.22
424, 2311.47
425, 2306.37
426, 2309.73
427, 2304.8
428, 2310.34
429, 2303.05
430, 2307.21
431, 2309.18
432, 2304.28
433, 2306.25
434, 2306.25
435, 2305.86
436, 2306.69
437, 2294.68
438, 2304.73
439, 2304.55
440, 2300.81
441, 2296.7
442, 2302.42
443, 2297.31
444, 2295.75
445, 2295.75
446, 2298.72
447, 2299.72
448, 2293.43
449, 2295.41
450, 2295.23
451, 2292.66
452, 2295.63
453, 2295.45
454, 2293.89
455, 2285.24
456, 2285.24
457, 2291.93
458, 2287.83
459, 2287.83
460, 2287.26
461, 2288.26
462, 2284.33
463, 2285.33
464, 2283.77
465, 2284.74
466, 2283.2
467, 2278.28
468, 2281.25
469, 2282.25
470, 2284.22
471, 2281.47
472, 2280.11
473, 2277.55
474, 2278.37
475, 2279.16
476, 2275.23
477, 2273.67
478, 2273.67
479, 2277.82
480, 2277.82
481, 2277.25
482, 2274.51
483, 2271.97
484, 2269.4
485, 2273.76
486, 2271.19
487, 2271.81
488, 2270.45
489, 2264.16
490, 2262.6
491, 2262.6
492, 2261.03
493, 2261.85
494, 2263.82
495, 2263.43
496, 2266.79
497, 2261.87
498, 2262.48
499, 2261.12
500, 2261.91
501, 2263.89
502, 2263.89
503, 2263.5
504, 2257.24
505, 2261.57
506, 2262.36
507, 2262.19
508, 2255.9
509, 2256.9
510, 2251.8
511, 2254.95
512, 2254.77
513, 2252.2
514, 2250.46
515, 2251.25
516, 2251.25
517, 2245.96
518, 2245.96
519, 2247.76
520, 2247.58
521, 2250.91
522, 2246.98
523, 2247.8
524, 2248.77
525, 2244.67
526, 2245.67
527, 2246.46
528, 2246.28
529, 2247.25
530, 2241.97
531, 2245.33
532, 2243.76
533, 2238.66
534, 2240.84
535, 2238.27
536, 2237.7
537, 2237.7
538, 2238.49
539, 2236.75
540, 2236.75
541, 2237.36
542, 2238.36
543, 2236.97
544, 2231.69
545, 2230.12
546, 2232.3
547, 2228.38
548, 2228.2
549, 2226.81
550, 2227.63
551, 2229.78
552, 2226.86
553, 2229.04
554, 2224.11
555, 2221.18
556, 2221.18
557, 2225.51
558, 2223.77
559, 2223.77
560, 2223.38
561, 2223.99
562, 2223.99
563, 2223.43
564, 2220.89
565, 2224.04
566, 2223.86
567, 2224.83
568, 2218.37
569, 2215.62
570, 2215.62
571, 2216.24
572, 2220.77
573, 2213.31
574, 2211.74
575, 2211.74
576, 2210.18
577, 2211
578, 2211.97
579, 2209.04
580, 2210.04
581, 2215.55
582, 2210.45
583, 2207.91
584, 2205.34
585, 2206.16
586, 2207.14
587, 2206.75
588, 2206.18
589, 2206
590, 2205.61
591, 2205.44
592, 2205.05
593, 2206.05
594, 2208.02
595, 2205.45
596, 2207.45
597, 2204.71
598, 2199.6
599, 2198.04
600, 2196.68
601, 2195.11
602, 2195.11
603, 2193.54
604, 2191.8
605, 2191.8
606, 2194.77
607, 2194.59
608, 2193.2
609, 2196.17
610, 2192.46
611, 2195.61
612, 2196.61
613, 2191.5
614, 2188.94
615, 2186.01
616, 2186.01
617, 2191.34
618, 2188.59
619, 2188.59
620, 2183.31
621, 2183.31
622, 2181.74
623, 2180
624, 2180
625, 2184.15
626, 2183.97
627, 2182.4
628, 2180.84
629, 2181.84
630, 2183.99
631, 2185.99
632, 2177.52
633, 2180.49
634, 2180.32
635, 2178.93
636, 2179.54
637, 2179.36
638, 2177.97
639, 2176.23
640, 2170.15
641, 2174.66
642, 2175.48
643, 2165.84
644, 2165.27
645, 2166.27
646, 2162.53
647, 2163.14
648, 2163.14
649, 2163.75
650, 2169.47
651, 2166.9
652, 2163.98
653, 2161.23
654, 2161.23
655, 2163.02
656, 2162.84
657, 2167.17
658, 2165.61
659, 2165.61
660, 2162.68
661, 2157.58
662, 2159.76
663, 2159.37
664, 2157.8
665, 2157.8
666, 2153.7
667, 2153.7
668, 2155.67
669, 2157.67
670, 2152.56
671, 2155.89
672, 2151.79
673, 2155.15
674, 2154.76
675, 2154.58
676, 2153.02
677, 2150.27
678, 2150.27
679, 2149.88
680, 2150.7
681, 2147.96
682, 2147.57
683, 2148.57
684, 2147.18
685, 2148.97
686, 2148.97
687, 2141.33
688, 2141.15
689, 2143.12
690, 2142.92
691, 2142.56
692, 2140.99
693, 2142.96
694, 2140.42
695, 2138.86
696, 2139.86
697, 2140.65
698, 2139.26
699, 2140.08
700, 2135.16
701, 2135.77
702, 2135.59
703, 2135.38
704, 2136
705, 2137
706, 2132.07
707, 2129.14
708, 2129.14
709, 2135.65
710, 2132.91
711, 2132.91
712, 2124.09
713, 2122.52
714, 2125.88
715, 2124.31
716, 2124.31
717, 2123.74
718, 2125.72
719, 2125.72
720, 2126.33
721, 2126.15
722, 2123.58
723, 2118.3
724, 2118.3
725, 2116.73
726, 2117.55
727, 2119.7
728, 2117.96
729, 2116.39
730, 2119.75
731, 2117
732, 2117
733, 2115.44
734, 2115.08
735, 2118.23
736, 2116.66
737, 2111.56
738, 2112.56
739, 2112.17
740, 2108.45
741, 2110.42
742, 2108.86
743, 2112.22
744, 2106.11
745, 2104.37
746, 2104.37
747, 2108.52
748, 2107.16
749, 2104.41
750, 2107.56
751, 2109.74
752, 2099.92
753, 2100.71
754, 2100.71
755, 2100.32
756, 2099.76
757, 2099.76
758, 2094.47
759, 2092.91
760, 2093.91
761, 2100.8
762, 2098.24
763, 2097.67
764, 2097.49
765, 2097.1
766, 2094.36
767, 2097.72
768, 2092.79
769, 2093.4
770, 2093.4
771, 2094.2
772, 2093.84
773, 2088.73
774, 2093.06
775, 2092.88
776, 2086.78
777, 2090.93
778, 2089.36
779, 2090.36
780, 2088.8
781, 2087.44
782, 2086.05
783, 2086.87
784, 2085.48
785, 2086.1
786, 2083.56
787, 2077.45
788, 2083.96
789, 2083.96
790, 2082.4
791, 2083.22
792, 2074.75
793, 2079.08
794, 2078.72
795, 2072.62
796, 2076.77
797, 2076.77
798, 2078.56
799, 2077
800, 2077
801, 2076.43
802, 2071.32
803, 2071.32
804, 2073.12
805, 2072.94
806, 2071.37
807, 2068.62
808, 2069.62
809, 2068.06
810, 2067.88
811, 2061.59
812, 2063.57
813, 2062
814, 2064.18
815, 2063.79
816, 2063.79
817, 2066.76
818, 2061.87
819, 2059.3
820, 2063.45
821, 2064.45
822, 2059.35
823, 2058.96
824, 2059.96
825, 2058.39
826, 2059.18
827, 2057.82
828, 2057.44
829, 2054.69
830, 2054.69
831, 2054.12
832, 2052.56
833, 2051.2
834, 2054.35
835, 2052.99
836, 2052.78
837, 2053.6
838, 2052.04
839, 2053.01
840, 2053.83
841, 2044.01
842, 2043.62
843, 2042.05
844, 2041.87
845, 2040.31
846, 2040.31
847, 2039.92
848, 2040.74
849, 2047.43
850, 2043.5
851, 2044.5
852, 2040.76
853, 2042.55
854, 2042.55
855, 2040.98
856, 2039.24
857, 2039.24
858, 2036.49
859, 2039.67
860, 2036.92
861, 2035.36
862, 2036.36
863, 2039.51
864, 2037.94
865, 2034.22
866, 2035.02
867, 2032.48
868, 2033.27
869, 2037.6
870, 2034.86
871, 2031.14
872, 2030.75
873, 2030.75
874, 2032.72
875, 2030.98
876, 2023.72
877, 2020.97
878, 2029.05
879, 2027.66
880, 2025.92
881, 2025.92
882, 2027.71
883, 2028.71
884, 2023.78
885, 2024.4
886, 2024.22
887, 2021.65
888, 2019.9
889, 2022.08
890, 2018.16
891, 2021.31
892, 2015.23
893, 2017.38
894, 2019.38
895, 2016.64
896, 2013.89
897, 2014.89
898, 2015.86
899, 2017.66
900, 2017.66
901, 2016.09
902, 2016.91
903, 2014.16
904, 2014.96
905, 2013.6
906, 2012.03
907, 2011.64
908, 2012.64
909, 2011.08
910, 2011.87
911, 2011.87
912, 2003.05
913, 2000.3
914, 2000.3
915, 2004.45
916, 2004.06
917, 2005.06
918, 2002.32
919, 2004.5
920, 2003.11
921, 2003.93
922, 2001.36
923, 1999.8
924, 1998.26
925, 1990.97
926, 1998.66
927, 1992.38
928, 1992.2
929, 1994.38
930, 1994.17
931, 1995.96
932, 1995.78
933, 1991.86
934, 1991.47
935, 1991.29
936, 1994.62
937, 1991.7
938, 1992.7
939, 1990.13
940, 1988.38
941, 1988.2
942, 1986.82
943, 1987.43
944, 1987.25
945, 1984.5
946, 1982.94
947, 1982.94
948, 1988.48
949, 1983.37
950, 1981.8
951, 1981.63
952, 1980.24
953, 1979.67
954, 1983.03
955, 1980.46
956, 1979.9
957, 1979.9
958, 1979.33
959, 1973.05
960, 1976.41
961, 1973.84
962, 1975.84
963, 1968.55
964, 1973.88
965, 1973.88
966, 1973.32
967, 1970.78
968, 1968.21
969, 1971.36
970, 1972.18
971, 1967.26
972, 1971.41
973, 1971.23
974, 1969.84
975, 1968.1
976, 1967.92
977, 1966.35
978, 1963.61
979, 1959.89
980, 1961.86
981, 1960.29
982, 1966.01
983, 1963.26
984, 1964.26
985, 1961.52
986, 1962.52
987, 1958.77
988, 1958.38
989, 1953.1
990, 1955.28
991, 1954.89
992, 1951.18
993, 1955.51
994, 1956.51
995, 1953.94
996, 1953.55
997, 1951.81
998, 1951.81
999, 1953.6
1000, 1949.88
1001, 1953.21
1002, 1952.64
1003, 1948.93
1004, 1952.08
1005, 1950.72
1006, 1947.97
1007, 1948.94
1008, 1949.76
1009, 1947.2
1010, 1945.45
1011, 1946.45
1012, 1946.06
1013, 1947.06
1014, 1940.96
1015, 1940.57
1016, 1941.39
1017, 1941.18
1018, 1944.16
1019, 1943.98
1020, 1940.23
1021, 1940.84
1022, 1940.84
1023, 1942.64
1024, 1942.46
1025, 1937.53
1026, 1937.14
1027, 1933.04
1028, 1933.04
1029, 1936.01
1030, 1937.01
1031, 1932.08
1032, 1931.52
1033, 1931.34
1034, 1934.49
1035, 1934.31
1036, 1930.56
1037, 1928.82
1038, 1929.82
1039, 1924.71
1040, 1929.04
1041, 1929.04
1042, 1927.48
1043, 1921.01
1044, 1923.19
1045, 1922.81
1046, 1921.24
1047, 1921.24
1048, 1920.67
1049, 1920.67
1050, 1919.11
1051, 1918.54
1052, 1918.54
1053, 1918.15
1054, 1916.41
1055, 1916.41
1056, 1919.38
1057, 1920.38
1058, 1918.81
1059, 1919.6
1060, 1913.53
1061, 1907.42
1062, 1908.24
1063, 1916.29
1064, 1916.9
1065, 1916.72
1066, 1911.8
1067, 1911.23
1068, 1911.23
1069, 1909.66
1070, 1911.66
1071, 1909.1
1072, 1911.07
1073, 1914.25
1074, 1912.68
1075, 1907.58
1076, 1910.94
1077, 1908.19
1078, 1910.37
1079, 1901.91
1080, 1903.88
1081, 1901.16
1082, 1898.41
1083, 1906.28
1084, 1901.39
1085, 1902.36
1086, 1901.79
1087, 1902.79
1088, 1902.58
1089, 1900.84
1090, 1898.3
1091, 1899.27
1092, 1900.09
1093, 1899.88
1094, 1900.49
1095, 1899.14
1096, 1898.75
1097, 1897.18
1098, 1897
1099, 1892.08
1100, 1893.87
1101, 1891.33
1102, 1888.59
1103, 1897.84
1104, 1895.27
1105, 1888.81
1106, 1888.81
1107, 1890.78
1108, 1891.6
1109, 1890.22
1110, 1886.11
1111, 1889.47
1112, 1889.08
1113, 1885.16
1114, 1883.8
1115, 1885.95
1116, 1885.38
1117, 1885.38
1118, 1882.64
1119, 1881.1
1120, 1884.43
1121, 1879.14
1122, 1875.43
1123, 1872.86
1124, 1878.19
1125, 1878.19
1126, 1878.8
1127, 1876.06
1128, 1876.06
1129, 1879.21
1130, 1878.64
1131, 1878.64
1132, 1874.54
1133, 1877.9
1134, 1875.33
1135, 1877.33
1136, 1874.76
1137, 1876.73
1138, 1872.84
1139, 1871.27
1140, 1869.7
1141, 1869.52
1142, 1869.14
1143, 1866.39
1144, 1866.21
1145, 1866
1146, 1866.82
1147, 1865.44
1148, 1866.05
1149, 1865.66
1150, 1865.66
1151, 1867.45
1152, 1867.27
1153, 1865.71
1154, 1865.53
1155, 1858.07
1156, 1863.57
1157, 1861.04
1158, 1858.47
1159, 1859.08
1160, 1858.9
1161, 1857.34
1162, 1858.34
1163, 1855.77
1164, 1854.2
1165, 1855.02
1166, 1853.46
1167, 1851.89
1168, 1850.32
1169, 1850.32
1170, 1853.3
1171, 1853.3
1172, 1851.73
1173, 1852.55
1174, 1854.52
1175, 1850.6
1176, 1850.42
1177, 1848.85
1178, 1849.64
1179, 1850.64
1180, 1850.25
1181, 1845.36
1182, 1847.33
1183, 1844.76
1184, 1845.37
1185, 1845.37
1186, 1845.99
1187, 1845.81
1188, 1843.24
1189, 1843.85
1190, 1846.03
1191, 1834.03
1192, 1832.29
1193, 1832.29
1194, 1834.26
1195, 1840.97
1196, 1837.23
1197, 1841.38
1198, 1842.38
1199, 1836.1
1200, 1837.1
1201, 1835.71
1202, 1833.96
1203, 1831.22
1204, 1831.22
1205, 1831.83
1206, 1830.47
1207, 1834.8
1208, 1833.23
1209, 1833.23
1210, 1831.67
1211, 1826.59
1212, 1828.74
1213, 1828.35
1214, 1830.35
1215, 1827.61
1216, 1827.22
1217, 1827.22
1218, 1829.19
1219, 1831.19
1220, 1823.73
1221, 1824.52
1222, 1821.78
1223, 1816.88
1224, 1821.21
1225, 1822.21
1226, 1826.54
1227, 1819.08
1228, 1819.08
1229, 1817.51
1230, 1818.33
1231, 1815.76
1232, 1819.91
1233, 1825.63
1234, 1820.53
1235, 1820.14
1236, 1812.88
1237, 1819.75
1238, 1814.68
1239, 1811.93
1240, 1810.54
1241, 1811.36
1242, 1814.51
1243, 1814.13
1244, 1813.95
1245, 1811.2
1246, 1812.2
1247, 1808.45
1248, 1808.07
1249, 1808.89
1250, 1810.86
1251, 1811.65
1252, 1812.65
1253, 1807.73
1254, 1808.34
1255, 1808.16
1256, 1807.77
1257, 1804.05
1258, 1807.21
1259, 1804.46
1260, 1805.46
1261, 1805.25
1262, 1804.68
1263, 1805.68
1264, 1801.76
1265, 1802.76
1266, 1801.19
1267, 1801.98
1268, 1799.24
1269, 1799.24
1270, 1798.67
1271, 1798.49
1272, 1797.11
1273, 1791.82
1274, 1791.82
1275, 1793.79
1276, 1792.25
1277, 1795.58
1278, 1794.02
1279, 1794.84
1280, 1797.99
1281, 1792.88
1282, 1792.88
1283, 1792.32
1284, 1790.75
1285, 1791.75
1286, 1786.65
1287, 1786.47
1288, 1789.62
1289, 1785.69
1290, 1791.41
1291, 1790.02
1292, 1784.74
1293, 1788.1
1294, 1785.35
1295, 1785.17
1296, 1781.43
1297, 1782.04
1298, 1783.04
1299, 1787.37
1300, 1784.62
1301, 1784.62
1302, 1779.52
1303, 1783.88
1304, 1782.49
1305, 1777.21
1306, 1780.56
1307, 1780.18
1308, 1780.97
1309, 1783.15
1310, 1780.4
1311, 1778.84
1312, 1778.84
1313, 1772.55
1314, 1775.73
1315, 1773.16
1316, 1777.32
1317, 1778.32
1318, 1779.29
1319, 1776.36
1320, 1780.9
1321, 1771.08
1322, 1775.62
1323, 1771.69
1324, 1775.02
1325, 1772.3
1326, 1772.09
1327, 1766.81
1328, 1767.81
1329, 1774.5
1330, 1772.93
1331, 1772.93
1332, 1766.47
1333, 1766.08
1334, 1765.9
1335, 1765.52
1336, 1760.41
1337, 1760.23
1338, 1766.92
1339, 1766.92
1340, 1766.53
1341, 1767.35
1342, 1763.43
1343, 1763.04
1344, 1764.04
1345, 1760.29
1346, 1765.62
1347, 1766.62
1348, 1764.06
1349, 1766.06
1350, 1757.42
1351, 1756.03
1352, 1756.85
1353, 1757.82
1354, 1758.43
1355, 1759.43
1356, 1754.51
1357, 1753.94
1358, 1753.94
1359, 1754.73
1360, 1755.55
1361, 1758.7
1362, 1752.6
1363, 1756.96
1364, 1752.03
1365, 1753.82
1366, 1753.65
1367, 1749.9
1368, 1751.9
1369, 1746.79
1370, 1748.77
1371, 1749.77
1372, 1750.56
1373, 1747.81
1374, 1747.63
1375, 1749.6
1376, 1742.14
1377, 1742.14
1378, 1738.22
1379, 1748.47
1380, 1741.19
1381, 1740.62
1382, 1741.62
1383, 1742.59
1384, 1742.03
1385, 1742.03
1386, 1737.92
1387, 1737.74
1388, 1741.07
1389, 1738.15
1390, 1736.58
1391, 1736.4
1392, 1741.91
1393, 1738.19
1394, 1736.63
1395, 1736.24
1396, 1736.24
1397, 1738.03
1398, 1737.85
1399, 1736.46
1400, 1734.72
1401, 1735.72
1402, 1740.23
1403, 1739.66
1404, 1739.66
1405, 1734.56
1406, 1733.99
1407, 1734.99
1408, 1732.42
1409, 1733.24
1410, 1731.86
1411, 1732.47
1412, 1733.47
1413, 1738.98
1414, 1736.44
1415, 1732.69
1416, 1735.84
1417, 1736.66
1418, 1734.1
1419, 1739.43
1420, 1729.81
1421, 1729.61
1422, 1733.76
1423, 1733.76
1424, 1739.27
1425, 1740.09
1426, 1729.26
1427, 1734.77
1428, 1736.77
1429, 1737.75
1430, 1732.46
1431, 1733.46
1432, 1739.15
1433, 1741.15
1434, 1741.94
1435, 1732.3
1436, 1733.12
1437, 1735.27
1438, 1746.5
1439, 1746.32
1440, 1740.21
1441, 1742.01
1442, 1742.01
1443, 1742.8
1444, 1743.62
1445, 1741.05
1446, 1740.66
1447, 1743.84
1448, 1744.82
1449, 1743.07
1450, 1743.07
1451, 1743.86
1452, 1745.86
1453, 1748.01
1454, 1753.52
1455, 1754.34
1456, 1750.6
1457, 1760.64
1458, 1760.46
1459, 1755.36
1460, 1754.97
1461, 1754.97
1462, 1752.05
1463, 1751.87
1464, 1755.2
1465, 1762.89
1466, 1763.89
1467, 1760.14
1468, 1778.44
1469, 1778.44
1470, 1788.49
1471, 1790.67
1472, 1808.15
1473, 1812.48
1474, 1813.3
1475, 1853.01
1476, 1879.75
1477, 1880.75
1478, 1913.56
1479, 1914.38
