0, 6060.02
1, 5100.68
2, 4930.67
3, 4756.14
4, 4704.17
5, 4668.93
6, 4628.03
7, 4597.45
8, 4582.59
9, 4570.26
10, 4556.54
11, 4549.61
12, 4533.88
13, 4520.16
14, 4513.23
15, 4508.7
16, 4500.77
17, 4494.97
18, 4481.38
19, 4473.32
20, 4463.25
21, 4450.67
22, 4458.46
23, 4451.66
24, 4452.79
25, 4456.06
26, 4441.33
27, 4437.8
28, 4436.79
29, 4435.53
30, 4439.93
31, 4428.73
32, 4426.33
33, 4423.93
34, 4420.53
35, 4409.2
36, 4412.47
37, 4412.47
38, 4422.53
39, 4402.14
40, 4405.53
41, 4397.47
42, 4393.07
43, 4399.73
44, 4400.73
45, 4392.8
46, 4392.67
47, 4388.26
48, 4388.13
49, 4383.47
50, 4376.67
51, 4380.06
52, 4376.53
53, 4373.13
54, 4378.79
55, 4376.4
56, 4369.6
57, 4369.46
58, 4368.33
59, 4359.27
60, 4356.87
61, 4359.26
62, 4359.13
63, 4357.86
64, 4356.73
65, 4359.99
66, 4349.92
67, 4343
68, 4349.66
69, 4353.05
70, 4339.46
71, 4341.59
72, 4345.12
73, 4344.86
74, 4335.92
75, 4332.39
76, 4335.66
77, 4335.78
78, 4337.91
79, 4337.78
80, 4333.25
81, 4328.72
82, 4328.71
83, 4322.92
84, 4328.45
85, 4326.31
86, 4317.12
87, 4316.98
88, 4319.37
89, 4316.98
90, 4311.18
91, 4319.11
92, 4318.97
93, 4322.5
94, 4318.97
95, 4317.7
96, 4315.43
97, 4317.7
98, 4320.96
99, 4323.22
100, 4319.82
101, 4314.03
102, 4317.42
103, 4318.42
104, 4307.09
105, 4317.28
106, 4312.62
107, 4310.35
108, 4312.61
109, 4312.48
110, 4314.74
111, 4315.74
112, 4311.34
113, 4314.6
114, 4314.6
115, 4312.33
116, 4311.07
117, 4311.07
118, 4310.93
119, 4301.87
120, 4301.87
121, 4304
122, 4302.73
123, 4303.86
124, 4299.33
125, 4303.73
126, 4295.8
127, 4294.66
128, 4293.4
129, 4294.52
130, 4301.19
131, 4297.79
132, 4300.05
133, 4293.12
134, 4289.72
135, 4288.58
136, 4291.85
137, 4292.98
138, 4297.38
139, 4286.05
140, 4288.31
141, 4288.31
142, 4289.44
143, 4285.91
144, 4289.17
145, 4288.16
146, 4281.24
147, 4285.76
148, 4283.37
149, 4287.76
150, 4281.09
151, 4291.15
152, 4287.62
153, 4284.35
154, 4279.69
155, 4278.43
156, 4276.29
157, 4271.49
158, 4276.15
159, 4274.89
160, 4275.89
161, 4277.01
162, 4281.54
163, 4281.54
164, 4276.88
165, 4277
166, 4275.74
167, 4276.74
168, 4278.87
169, 4272.07
170, 4272.07
171, 4271.94
172, 4278.73
173, 4277.59
174, 4277.59
175, 4278.59
176, 4273.93
177, 4269.39
178, 4269.39
179, 4259.06
180, 4260.32
181, 4263.59
182, 4264.59
183, 4265.72
184, 4267.98
185, 4262.18
186, 4265.58
187, 4262.05
188, 4259.78
189, 4265.57
190, 4265.31
191, 4251.84
192, 4249.45
193, 4258.37
194, 4266.3
195, 4262.77
196, 4259.5
197, 4254.83
198, 4252.44
199, 4257.09
200, 4259.22
201, 4250.03
202, 4256.82
203, 4258.96
204, 4254.55
205, 4254.42
206, 4253.15
207, 4251.02
208, 4254.28
209, 4248.49
210, 4250.88
211, 4243.95
212, 4246.08
213, 4248.34
214, 4248.34
215, 4247.07
216, 4242.54
217, 4244.67
218, 4235.61
219, 4233.34
220, 4241.14
221, 4242.27
222, 4246.66
223, 4244.4
224, 4241
225, 4245.39
226, 4240.99
227, 4243.12
228, 4242.99
229, 4231.66
230, 4243.11
231, 4246.25
232, 4240.71
233, 4241.58
234, 4226.99
235, 4230.25
236, 4230.25
237, 4238.04
238, 4233.64
239, 4236.77
240, 4229.98
241, 4229.84
242, 4232.23
243, 4229.84
244, 4229.84
245, 4231.97
246, 4225.17
247, 4225.17
248, 4227.3
249, 4231.82
250, 4230.69
251, 4224.89
252, 4228.16
253, 4232.68
254, 4228.15
255, 4228.15
256, 4225.75
257, 4216.69
258, 4216.69
259, 4229.01
260, 4217.55
261, 4219.81
262, 4216.55
263, 4224.21
264, 4218.67
265, 4220.8
266, 4220.8
267, 4218.4
268, 4219.53
269, 4221.66
270, 4218.26
271, 4218.26
272, 4218.26
273, 4211.33
274, 4210.07
275, 4212.46
276, 4212.32
277, 4213.32
278, 4209.92
279, 4206.39
280, 4221.11
281, 4212.05
282, 4212.05
283, 4215.31
284, 4206.38
285, 4208.38
286, 4203.98
287, 4204.98
288, 4202.58
289, 4209.37
290, 4211.5
291, 4213.76
292, 4205.83
293, 4214.76
294, 4203.56
295, 4204.56
296, 4210.09
297, 4208.96
298, 4204.29
299, 4203.29
300, 4203.29
301, 4203.29
302, 4195.09
303, 4194.09
304, 4199.49
305, 4201.88
306, 4194.95
307, 4193.81
308, 4194.81
309, 4202.61
310, 4200.34
311, 4198.07
312, 4202.47
313, 4193.54
314, 4192.27
315, 4193.4
316, 4191
317, 4193.14
318, 4191
319, 4190.86
320, 4190.86
321, 4195.26
322, 4191.86
323, 4195.12
324, 4187.19
325, 4190.46
326, 4192.72
327, 4189.45
328, 4189.45
329, 4185.78
330, 4186.91
331, 4185.65
332, 4184.51
333, 4182.24
334, 4178.84
335, 4184.37
336, 4184.37
337, 4180.97
338, 4183.1
339, 4181.84
340, 4182.97
341, 4180.7
342, 4174.9
343, 4180.56
344, 4184.96
345, 4183.82
346, 4181.56
347, 4179.16
348, 4178.02
349, 4178.02
350, 4177.89
351, 4173.35
352, 4173.35
353, 4169.82
354, 4168.82
355, 4175.35
356, 4176.61
357, 4169.68
358, 4169.68
359, 4177.6
360, 4168.41
361, 4169.41
362, 4167.27
363, 4171.54
364, 4172.67
365, 4164.87
366, 4171.4
367, 4169.26
368, 4166.86
369, 4167.86
370, 4166.73
371, 4168.86
372, 4165.59
373, 4165.59
374, 4167.59
375, 4164.32
376, 4164.32
377, 4166.32
378, 4165.18
379, 4160.65
380, 4160.65
381, 4162.91
382, 4164.91
383, 4161.51
384, 4154.71
385, 4154.71
386, 4160.24
387, 4155.7
388, 4155.7
389, 4159.09
390, 4160.09
391, 4157.83
392, 4157.69
393, 4157.69
394, 4151.89
395, 4150.89
396, 4156.29
397, 4150.62
398, 4148.49
399, 4158.41
400, 4149.35
401, 4160.54
402, 4152.61
403, 4151.48
404, 4153.61
405, 4158.14
406, 4148.07
407, 4155.74
408, 4156.87
409, 4149.94
410, 4152.2
411, 4145.53
412, 4146.4
413, 4152.06
414, 4146.4
415, 4146.4
416, 4145.13
417, 4146.26
418, 4140.46
419, 4142.72
420, 4148.25
421, 4146.11
422, 4146.11
423, 4146.11
424, 4141.44
425, 4141.31
426, 4145.71
427, 4142.44
428, 4141.04
429, 4139.91
430, 4139.91
431, 4139.77
432, 4140.9
433, 4140.9
434, 4137.37
435, 4139.63
436, 4138.49
437, 4142.89
438, 4140.76
439, 4143.89
440, 4140.49
441, 4132.56
442, 4132.56
443, 4131.42
444, 4133.55
445, 4133.42
446, 4132.42
447, 4134.42
448, 4131.01
449, 4132.28
450, 4132.28
451, 4134.27
452, 4127.47
453, 4134.14
454, 4128.47
455, 4127.21
456, 4136.26
457, 4132.86
458, 4137.26
459, 4127.19
460, 4130.46
461, 4130.46
462, 4121.39
463, 4121.39
464, 4121.39
465, 4121.26
466, 4124.39
467, 4124.39
468, 4122.12
469, 4122.12
470, 4126.51
471, 4118.71
472, 4124.11
473, 4120.84
474, 4119.57
475, 4117.31
476, 4120.57
477, 4118.17
478, 4117.04
479, 4120.56
480, 4119.17
481, 4115.77
482, 4121.43
483, 4113.5
484, 4116.76
485, 4116.63
486, 4115.62
487, 4116.62
488, 4114.22
489, 4117.62
490, 4109.82
491, 4115.22
492, 4115.21
493, 4115.21
494, 4107.28
495, 4109.41
496, 4109.41
497, 4116.07
498, 4110.54
499, 4113.67
500, 4111.4
501, 4108
502, 4113.53
503, 4112.4
504, 4113.4
505, 4104.46
506, 4108.86
507, 4107.6
508, 4105.46
509, 4104.19
510, 4108.59
511, 4106.32
512, 4106.19
513, 4104.05
514, 4105.05
515, 4105.05
516, 4106.05
517, 4103.78
518, 4103.78
519, 4101.38
520, 4103.51
521, 4100.11
522, 4099.11
523, 4099.11
524, 4105.63
525, 4096.57
526, 4099.83
527, 4099.83
528, 4103.22
529, 4104.22
530, 4099.69
531, 4100.69
532, 4096.29
533, 4096.29
534, 4101.68
535, 4097.15
536, 4096.02
537, 4098.15
538, 4097.14
539, 4098.14
540, 4091.34
541, 4095.74
542, 4100.14
543, 4097.87
544, 4092.34
545, 4093.2
546, 4088.8
547, 4089.8
548, 4089.8
549, 4087.4
550, 4087.4
551, 4084
552, 4084
553, 4084
554, 4082.72
555, 4082.59
556, 4082.46
557, 4083.72
558, 4083.72
559, 4085.72
560, 4087.98
561, 4087.98
562, 4091.24
563, 4086.71
564, 4084.31
565, 4089.97
566, 4088.83
567, 4085.43
568, 4085.3
569, 4080.64
570, 4078.37
571, 4080.63
572, 4080.63
573, 4081.76
574, 4079.36
575, 4083.76
576, 4084.89
577, 4081.36
578, 4075.82
579, 4080.22
580, 4080.22
581, 4078.95
582, 4080.08
583, 4080.08
584, 4081.08
585, 4074.28
586, 4076.41
587, 4074.28
588, 4074.28
589, 4074.01
590, 4078.67
591, 4075
592, 4076.13
593, 4077.39
594, 4078.26
595, 4077.26
596, 4076.99
597, 4072.59
598, 4072.59
599, 4072.59
600, 4072.45
601, 4072.45
602, 4072.45
603, 4072.18
604, 4073.18
605, 4074.31
606, 4068.65
607, 4068.51
608, 4068.51
609, 4066.24
610, 4069.51
611, 4067.24
612, 4066.24
613, 4072.77
614, 4069.37
615, 4069.23
616, 4068.1
617, 4063.56
618, 4065.7
619, 4065.69
620, 4064.69
621, 4063.29
622, 4058.76
623, 4059.76
624, 4063.28
625, 4063.15
626, 4061.88
627, 4063.14
628, 4061.88
629, 4062.88
630, 4066.27
631, 4057.34
632, 4062.74
633, 4062.74
634, 4061.47
635, 4059.2
636, 4056.93
637, 4056.93
638, 4055.8
639, 4055.8
640, 4057.8
641, 4054.52
642, 4058.92
643, 4054.39
644, 4054.39
645, 4054.12
646, 4050.85
647, 4050.85
648, 4050.85
649, 4050.58
650, 4057.51
651, 4056.24
652, 4056.24
653, 4056.24
654, 4053.84
655, 4049.17
656, 4049.04
657, 4045.77
658, 4045.77
659, 4051.17
660, 4050.16
661, 4047.63
662, 4049.9
663, 4054.55
664, 4044.1
665, 4048.75
666, 4048.75
667, 4048.49
668, 4048.49
669, 4043.95
670, 4044.95
671, 4047.35
672, 4047.35
673, 4045.95
674, 4044.81
675, 4044.81
676, 4044.67
677, 4040.27
678, 4045.67
679, 4042.27
680, 4047.8
681, 4040
682, 4040
683, 4040
684, 4040.86
685, 4040.99
686, 4047.52
687, 4041.86
688, 4037.32
689, 4035.05
690, 4037.19
691, 4041.58
692, 4038.18
693, 4040.58
694, 4041.45
695, 4042.57
696, 4037.04
697, 4039.04
698, 4040.17
699, 4033.24
700, 4037.77
701, 4033.24
702, 4033.24
703, 4038.76
704, 4034.23
705, 4034.23
706, 4031.96
707, 4037.36
708, 4029.43
709, 4035.09
710, 4029.29
711, 4028.16
712, 4028.29
713, 4025.76
714, 4030.28
715, 4031.41
716, 4031.41
717, 4030.14
718, 4030.14
719, 4028.88
720, 4026.61
721, 4026.61
722, 4026.47
723, 4026.47
724, 4025.2
725, 4025.2
726, 4025.2
727, 4028.46
728, 4025.06
729, 4018.13
730, 4021.53
731, 4019.39
732, 4019.39
733, 4024.79
734, 4023.78
735, 4022.52
736, 4022.52
737, 4022.52
738, 4019.98
739, 4014.45
740, 4022.11
741, 4017.71
742, 4016.44
743, 4021.97
744, 4020.84
745, 4020.7
746, 4019.57
747, 4018.43
748, 4016.04
749, 4016.03
750, 4013.76
751, 4013.76
752, 4015.89
753, 4017.02
754, 4015.76
755, 4013.49
756, 4013.49
757, 4010.09
758, 4010.09
759, 4012.09
760, 4015.48
761, 4013.34
762, 4010.81
763, 4010.81
764, 4009.55
765, 4015.21
766, 4011.8
767, 4011.8
768, 4011.67
769, 4011.67
770, 4009.27
771, 4009.39
772, 4009.26
773, 4008.13
774, 4007.99
775, 4007.99
776, 4008.99
777, 4005.72
778, 4006.59
779, 4005.58
780, 3998.66
781, 3998.66
782, 3997.52
783, 4005.18
784, 4007.44
785, 4005.18
786, 4005.18
787, 4005.04
788, 4007.43
789, 4007.43
790, 4003.77
791, 4003.77
792, 4004.77
793, 3999.1
794, 3999.1
795, 3991.17
796, 4003.49
797, 4003.49
798, 4001.22
799, 3996.56
800, 3997.56
801, 3996.55
802, 3996.55
803, 4001.95
804, 3997.41
805, 3997.41
806, 3992.88
807, 3992.88
808, 3998.28
809, 3996.14
810, 3997.01
811, 3995.87
812, 3993.6
813, 3993.6
814, 3989.07
815, 3989.07
816, 3989.07
817, 3989.93
818, 3989.93
819, 3988.66
820, 3991.06
821, 3991.06
822, 3986.39
823, 3986.39
824, 3986.39
825, 3984.99
826, 3987.25
827, 3987.25
828, 3986.11
829, 3988.11
830, 3985.85
831, 3984.84
832, 3985.71
833, 3986.84
834, 3984.57
835, 3984.57
836, 3983.3
837, 3982.17
838, 3983.17
839, 3985.43
840, 3985.3
841, 3983.03
842, 3985.29
843, 3986.29
844, 3980.62
845, 3984.02
846, 3982.75
847, 3983.88
848, 3984.88
849, 3978.08
850, 3980.35
851, 3982.48
852, 3980.34
853, 3980.34
854, 3985.74
855, 3975.54
856, 3975.41
857, 3977.67
858, 3977.8
859, 3979.8
860, 3978.66
861, 3977.66
862, 3976.26
863, 3971.86
864, 3972.86
865, 3972.86
866, 3971.72
867, 3971.72
868, 3973.85
869, 3973.85
870, 3973.85
871, 3973.58
872, 3973.58
873, 3972.31
874, 3971.18
875, 3971.18
876, 3971.04
877, 3967.64
878, 3967.64
879, 3970.9
880, 3964.1
881, 3969.63
882, 3973.03
883, 3967.5
884, 3969.5
885, 3963.96
886, 3963.96
887, 3964.96
888, 3968.22
889, 3966.96
890, 3964.69
891, 3960.29
892, 3964.55
893, 3956.62
894, 3956.62
895, 3966.68
896, 3964.54
897, 3964.54
898, 3964.4
899, 3959.74
900, 3961.87
901, 3961.87
902, 3959.6
903, 3962.87
904, 3959.47
905, 3960.47
906, 3962.73
907, 3955.93
908, 3955.93
909, 3959.19
910, 3960.32
911, 3963.59
912, 3958.05
913, 3956.65
914, 3956.65
915, 3957.91
916, 3959.91
917, 3956.51
918, 3953.11
919, 3953.11
920, 3957.51
921, 3951.71
922, 3951.71
923, 3950.7
924, 3948.17
925, 3949.43
926, 3949.43
927, 3949.43
928, 3950.3
929, 3950.29
930, 3949.03
931, 3954.69
932, 3951.16
933, 3948.89
934, 3946.75
935, 3946.75
936, 3945.35
937, 3946.62
938, 3944.09
939, 3942.95
940, 3945.21
941, 3944.08
942, 3944.08
943, 3944.08
944, 3942.8
945, 3942.8
946, 3942.8
947, 3941.4
948, 3942.66
949, 3942.66
950, 3945.79
951, 3947.93
952, 3942.26
953, 3942.39
954, 3942.39
955, 3944.52
956, 3944.52
957, 3940.85
958, 3940.85
959, 3940.85
960, 3945.24
961, 3939.58
962, 3940.58
963, 3940.58
964, 3940.57
965, 3942.71
966, 3938.17
967, 3935.9
968, 3935.77
969, 3937.03
970, 3933.37
971, 3936.76
972, 3936.76
973, 3934.36
974, 3933.36
975, 3933.36
976, 3934.22
977, 3934.35
978, 3935.22
979, 3935.22
980, 3931.82
981, 3933.95
982, 3930.55
983, 3928.41
984, 3928.41
985, 3931.54
986, 3930.41
987, 3930.4
988, 3930.4
989, 3930.4
990, 3927.87
991, 3927.87
992, 3927.87
993, 3928.86
994, 3921.07
995, 3921.07
996, 3925.46
997, 3927.46
998, 3926.32
999, 3924.19
1000, 3924.19
1001, 3925.18
1002, 3926.18
1003, 3924.92
1004, 3923.78
1005, 3927.05
1006, 3920.25
1007, 3920.25
1008, 3928.04
1009, 3920.11
1010, 3918.97
1011, 3921.11
1012, 3921.1
1013, 3924.5
1014, 3924.36
1015, 3922.1
1016, 3924.23
1017, 3920.96
1018, 3920.96
1019, 3917.3
1020, 3916.16
1021, 3917.42
1022, 3917.42
1023, 3917.15
1024, 3912.49
1025, 3913.62
1026, 3914.88
1027, 3914.88
1028, 3919.14
1029, 3913.61
1030, 3916.74
1031, 3915.61
1032, 3907.81
1033, 3907.81
1034, 3913.2
1035, 3913.2
1036, 3913.07
1037, 3909.8
1038, 3909.53
1039, 3908.53
1040, 3908.53
1041, 3908.53
1042, 3912.79
1043, 3912.79
1044, 3905.86
1045, 3905.86
1046, 3905.86
1047, 3905.72
1048, 3909.11
1049, 3908.98
1050, 3908.98
1051, 3907.97
1052, 3903.31
1053, 3903.31
1054, 3903.31
1055, 3900.91
1056, 3900.91
1057, 3902.91
1058, 3903.03
1059, 3903.03
1060, 3906.16
1061, 3903.9
1062, 3902.63
1063, 3903.76
1064, 3901.49
1065, 3901.49
1066, 3899.22
1067, 3899.22
1068, 3899.22
1069, 3903.48
1070, 3895.55
1071, 3902.21
1072, 3897.68
1073, 3897.55
1074, 3898.81
1075, 3898.81
1076, 3895.14
1077, 3895.14
1078, 3897.53
1079, 3901.8
1080, 3901.93
1081, 3902.8
1082, 3899.4
1083, 3888.2
1084, 3895.86
1085, 3896.99
1086, 3894.86
1087, 3894.86
1088, 3895.72
1089, 3891.19
1090, 3891.05
1091, 3895.58
1092, 3896.58
1093, 3892.05
1094, 3892.04
1095, 3892.04
1096, 3888.64
1097, 3888.64
1098, 3887.24
1099, 3888.51
1100, 3893.9
1101, 3892.77
1102, 3884.97
1103, 3884.97
1104, 3885.83
1105, 3882.56
1106, 3882.56
1107, 3887.96
1108, 3885.69
1109, 3886.69
1110, 3887.82
1111, 3889.95
1112, 3888.82
1113, 3886.55
1114, 3886.55
1115, 3884.28
1116, 3884.28
1117, 3886.28
1118, 3884.14
1119, 3884.14
1120, 3888.4
1121, 3881.74
1122, 3881.74
1123, 3880.34
1124, 3878.07
1125, 3876.8
1126, 3873.53
1127, 3873.53
1128, 3875.53
1129, 3874.53
1130, 3874.53
1131, 3881.06
1132, 3875.39
1133, 3879.79
1134, 3878.65
1135, 3877.65
1136, 3879.65
1137, 3875.25
1138, 3877.25
1139, 3873.98
1140, 3873.98
1141, 3869.18
1142, 3869.18
1143, 3876.1
1144, 3876.1
1145, 3871.44
1146, 3873.44
1147, 3866.77
1148, 3871.16
1149, 3868.77
1150, 3867.76
1151, 3867.76
1152, 3867.76
1153, 3872.02
1154, 3874.28
1155, 3874.15
1156, 3872.02
1157, 3870.62
1158, 3862.82
1159, 3862.82
1160, 3870.48
1161, 3871.61
1162, 3866.08
1163, 3870.34
1164, 3869.2
1165, 3866.81
1166, 3868.07
1167, 3868.07
1168, 3868.07
1169, 3862.26
1170, 3862.26
1171, 3862.26
1172, 3868.79
1173, 3864.26
1174, 3863.12
1175, 3864.12
1176, 3864.12
1177, 3860.72
1178, 3866.25
1179, 3864.98
1180, 3862.72
1181, 3856.05
1182, 3858.05
1183, 3859.31
1184, 3859.31
1185, 3865.84
1186, 3861.3
1187, 3861.3
1188, 3863.43
1189, 3857.77
1190, 3857.77
1191, 3857.76
1192, 3859.89
1193, 3860.89
1194, 3858.63
1195, 3858.63
1196, 3858.49
1197, 3859.75
1198, 3859.49
1199, 3856.22
1200, 3845.89
1201, 3844.75
1202, 3853.68
1203, 3853.68
1204, 3854.68
1205, 3850.15
1206, 3850.15
1207, 3850.01
1208, 3850.14
1209, 3849.87
1210, 3851
1211, 3851
1212, 3853.13
1213, 3848.6
1214, 3845.07
1215, 3843.93
1216, 3842.93
1217, 3850.59
1218, 3848.32
1219, 3848.32
1220, 3844.92
1221, 3844.92
1222, 3844.92
1223, 3844.65
1224, 3841.38
1225, 3841.38
1226, 3843.51
1227, 3846.78
1228, 3844.38
1229, 3846.77
1230, 3849.9
1231, 3848.77
1232, 3846.63
1233, 3845.24
1234, 3846.37
1235, 3839.57
1236, 3842.83
1237, 3846.23
1238, 3842.83
1239, 3842.69
1240, 3841.69
1241, 3841.42
1242, 3839.16
1243, 3841.55
1244, 3841.55
1245, 3839.02
1246, 3835.62
1247, 3835.48
1248, 3836.61
1249, 3837.61
1250, 3833.21
1251, 3833.21
1252, 3833.21
1253, 3835.34
1254, 3831.81
1255, 3836.2
1256, 3836.2
1257, 3835.06
1258, 3836.06
1259, 3831.66
1260, 3831.66
1261, 3831.52
1262, 3831.52
1263, 3834.66
1264, 3826.86
1265, 3826.86
1266, 3828.86
1267, 3826.72
1268, 3826.72
1269, 3828.72
1270, 3829.85
1271, 3829.85
1272, 3831.97
1273, 3827.57
1274, 3830.71
1275, 3826.3
1276, 3828.31
1277, 3833.97
1278, 3827.17
1279, 3827.17
1280, 3824.9
1281, 3827.03
1282, 3822.37
1283, 3823.49
1284, 3823.49
1285, 3822.36
1286, 3826.75
1287, 3820.96
1288, 3818.69
1289, 3823.22
1290, 3823.22
1291, 3825.48
1292, 3825.48
1293, 3822.95
1294, 3821.94
1295, 3821.94
1296, 3827.34
1297, 3821.8
1298, 3827.2
1299, 3814.87
1300, 3820.4
1301, 3820.4
1302, 3814.6
1303, 3815.73
1304, 3813.46
1305, 3818.99
1306, 3818.86
1307, 3816.59
1308, 3812.06
1309, 3819.85
1310, 3817.71
1311, 3818.71
1312, 3818.71
1313, 3818.71
1314, 3820.71
1315, 3819.58
1316, 3817.44
1317, 3812.64
1318, 3814.91
1319, 3812.64
1320, 3812.64
1321, 3809.1
1322, 3811.37
1323, 3815.76
1324, 3810.23
1325, 3813.36
1326, 3808.83
1327, 3806.56
1328, 3810.96
1329, 3808.82
1330, 3808.69
1331, 3806.29
1332, 3808.55
1333, 3809.55
1334, 3805.15
1335, 3805.15
1336, 3802.62
1337, 3806.14
1338, 3806.14
1339, 3806.14
1340, 3807.14
1341, 3807
1342, 3802.34
1343, 3799.07
1344, 3799.07
1345, 3807.99
1346, 3806.73
1347, 3806.73
1348, 3801.06
1349, 3801.06
1350, 3801.06
1351, 3800.92
1352, 3805.19
1353, 3804.05
1354, 3801.78
1355, 3802.78
1356, 3805.05
1357, 3798.38
1358, 3798.38
1359, 3798.11
1360, 3796.98
1361, 3796.97
1362, 3801.37
1363, 3801.37
1364, 3797.84
1365, 3803.5
1366, 3799.97
1367, 3793.3
1368, 3796.56
1369, 3796.43
1370, 3795.43
1371, 3796.29
1372, 3794.03
1373, 3792.89
1374, 3793.89
1375, 3793.89
1376, 3791.62
1377, 3791.62
1378, 3792.75
1379, 3794.75
1380, 3791.48
1381, 3792.48
1382, 3792.48
1383, 3795.74
1384, 3795.87
1385, 3791.07
1386, 3789.94
1387, 3791.07
1388, 3791.06
1389, 3791.06
1390, 3791.06
1391, 3784.13
1392, 3786.26
1393, 3786.26
1394, 3787.26
1395, 3786.26
1396, 3784.86
1397, 3789.38
1398, 3785.85
1399, 3785.85
1400, 3783.72
1401, 3789.11
1402, 3781.31
1403, 3783.44
1404, 3783.44
1405, 3784.44
1406, 3781.04
1407, 3782.04
1408, 3781.04
1409, 3781.04
1410, 3778.63
1411, 3780.77
1412, 3780.77
1413, 3783.02
1414, 3783.02
1415, 3785.02
1416, 3782.89
1417, 3780.36
1418, 3775.95
1419, 3775.95
1420, 3777.95
1421, 3775.69
1422, 3780.35
1423, 3780.35
1424, 3775.55
1425, 3775.41
1426, 3774.28
1427, 3777.67
1428, 3777.67
1429, 3777.54
1430, 3767.47
1431, 3774
1432, 3777.4
1433, 3774
1434, 3774
1435, 3773.86
1436, 3773.86
1437, 3767.06
1438, 3767.06
1439, 3767.06
1440, 3771.45
1441, 3772.45
1442, 3772.45
1443, 3766.65
1444, 3766.65
1445, 3768.78
1446, 3772.18
1447, 3770.91
1448, 3768.64
1449, 3765.38
1450, 3769.64
1451, 3769.64
1452, 3771.9
1453, 3772.9
1454, 3762.7
1455, 3769.37
1456, 3763.83
1457, 3763.83
1458, 3768.09
1459, 3766.96
1460, 3765.95
1461, 3765.95
1462, 3766.82
1463, 3766.82
1464, 3766.68
1465, 3758.75
1466, 3758.75
1467, 3762.01
1468, 3756.48
1469, 3760.75
1470, 3760.74
1471, 3752.81
1472, 3758.34
1473, 3757.34
1474, 3757.34
1475, 3759.34
1476, 3760.47
1477, 3762.6
1478, 3756.93
1479, 3753.66
1480, 3753.66
1481, 3760.32
1482, 3761.19
1483, 3754.39
1484, 3748.86
1485, 3748.86
1486, 3753.12
1487, 3759.91
1488, 3752.98
1489, 3752.98
1490, 3758.51
1491, 3756.24
1492, 3752.84
1493, 3753.84
1494, 3752.71
1495, 3754.97
1496, 3751.44
1497, 3744.64
1498, 3753.83
1499, 3750.17
1500, 3749.16
1501, 3751.16
1502, 3749.03
1503, 3749.03
1504, 3751.03
1505, 3746.49
1506, 3747.62
1507, 3749.75
1508, 3749.75
1509, 3747.35
1510, 3748.48
1511, 3741.82
1512, 3741.82
1513, 3745.07
1514, 3748.34
1515, 3748.34
1516, 3739.27
1517, 3739.27
1518, 3739.27
1519, 3743.67
1520, 3743.67
1521, 3742.27
1522, 3737.87
1523, 3737.87
1524, 3742.13
1525, 3741.12
1526, 3741.12
1527, 3741.99
1528, 3741.99
1529, 3740.72
1530, 3738.59
1531, 3742.85
1532, 3740.58
1533, 3738.31
1534, 3741.58
1535, 3741.58
1536, 3737.17
1537, 3735.91
1538, 3735.91
1539, 3736.77
1540, 3732.37
1541, 3732.37
1542, 3732.11
1543, 3730.97
1544, 3737.89
1545, 3737.89
1546, 3733.23
1547, 3734.1
1548, 3731.83
1549, 3735.22
1550, 3735.22
1551, 3739.62
1552, 3732.95
1553, 3732.95
1554, 3734.95
1555, 3727.02
1556, 3724.75
1557, 3732.54
1558, 3732.54
1559, 3723.48
1560, 3726.74
1561, 3726.74
1562, 3731.14
1563, 3730
1564, 3730
1565, 3727.6
1566, 3727.47
1567, 3728.6
1568, 3725.33
1569, 3725.33
1570, 3725.06
1571, 3723.92
1572, 3723.92
1573, 3723.79
1574, 3724.79
1575, 3725.92
1576, 3723.78
1577, 3723.78
1578, 3723.51
1579, 3723.51
1580, 3722.24
1581, 3718.97
1582, 3716.58
1583, 3717.58
1584, 3722.1
1585, 3724.24
1586, 3721.97
1587, 3715.3
1588, 3715.3
1589, 3722.96
1590, 3719.56
1591, 3719.56
1592, 3719.55
1593, 3720.55
1594, 3719.42
1595, 3720.42
1596, 3720.42
1597, 3718.02
1598, 3716.88
1599, 3716.75
1600, 3716.75
1601, 3719.14
1602, 3715.48
1603, 3713.34
1604, 3714.21
1605, 3717.6
1606, 3715.33
1607, 3715.33
1608, 3715.33
1609, 3715.33
1610, 3718.46
1611, 3711.79
1612, 3711.79
1613, 3713.92
1614, 3708.13
1615, 3712.52
1616, 3711.39
1617, 3711.38
1618, 3712.38
1619, 3710.12
1620, 3707.98
1621, 3715.64
1622, 3708.84
1623, 3708.84
1624, 3705.44
1625, 3705.44
1626, 3705.44
1627, 3703.04
1628, 3699.51
1629, 3699.51
1630, 3707.3
1631, 3708.3
1632, 3703.77
1633, 3706.16
1634, 3706.16
1635, 3707.02
1636, 3703.62
1637, 3701.23
1638, 3701.22
1639, 3703.48
1640, 3704.48
1641, 3699.95
1642, 3699.95
1643, 3697.55
1644, 3695.41
1645, 3695.41
1646, 3695.28
1647, 3695.28
1648, 3699.54
1649, 3700.67
1650, 3691.48
1651, 3698.4
1652, 3698.27
1653, 3698.27
1654, 3703.79
1655, 3697.13
1656, 3695.73
1657, 3692.33
1658, 3693.33
1659, 3691.06
1660, 3696.72
1661, 3697.72
1662, 3696.58
1663, 3688.65
1664, 3688.65
1665, 3695.31
1666, 3690.91
1667, 3691.78
1668, 3689.51
1669, 3689.51
1670, 3691.64
1671, 3684.84
1672, 3684.84
1673, 3689.24
1674, 3688.23
1675, 3688.23
1676, 3689.1
1677, 3690.1
1678, 3692.36
1679, 3685.56
1680, 3685.56
1681, 3683.29
1682, 3683.29
1683, 3683.29
1684, 3688.68
1685, 3688.81
1686, 3685.28
1687, 3685.28
1688, 3685.28
1689, 3682.88
1690, 3689.54
1691, 3689.54
1692, 3681.48
1693, 3679.21
1694, 3679.21
1695, 3679.07
1696, 3679.07
1697, 3675.67
1698, 3675.67
1699, 3675.67
1700, 3686.72
1701, 3678.93
1702, 3678.93
1703, 3679.79
1704, 3682.05
1705, 3679.78
1706, 3679.78
1707, 3679.78
1708, 3678.38
1709, 3667.19
1710, 3667.19
1711, 3674.98
1712, 3674.98
1713, 3674.98
1714, 3675.97
1715, 3677.97
1716, 3676.84
1717, 3673.44
1718, 3676.7
1719, 3673.3
1720, 3668.9
1721, 3668.9
1722, 3670.9
1723, 3669.76
1724, 3670.76
1725, 3668.62
1726, 3668.62
1727, 3666.22
1728, 3666.22
1729, 3667.09
1730, 3668.35
1731, 3672.74
1732, 3669.21
1733, 3667.08
1734, 3669.08
1735, 3666.81
1736, 3669.07
1737, 3669.07
1738, 3668.94
1739, 3662.27
1740, 3662.27
1741, 3672.19
1742, 3671.06
1743, 3666.53
1744, 3666.53
1745, 3667.39
1746, 3666.26
1747, 3662.86
1748, 3662.86
1749, 3661.72
1750, 3661.72
1751, 3662.59
1752, 3661.45
1753, 3666.98
1754, 3660.18
1755, 3661.31
1756, 3661.31
1757, 3661.17
1758, 3663.44
1759, 3663.44
1760, 3661.17
1761, 3662.04
1762, 3656.37
1763, 3658.63
1764, 3661.9
1765, 3656.23
1766, 3652.96
1767, 3652.96
1768, 3658.49
1769, 3658.49
1770, 3658.35
1771, 3650.29
1772, 3650.29
1773, 3649.02
1774, 3653.68
1775, 3657.95
1776, 3653.41
1777, 3650.15
1778, 3650.15
1779, 3656.67
1780, 3656.67
1781, 3652.14
1782, 3649.74
1783, 3649.74
1784, 3656.4
1785, 3654.26
1786, 3651.73
1787, 3651.73
1788, 3649.46
1789, 3647.06
1790, 3644.79
1791, 3644.79
1792, 3649.19
1793, 3647.05
1794, 3647.92
1795, 3649.05
1796, 3646.91
1797, 3646.91
1798, 3652.31
1799, 3653.31
1800, 3645.38
1801, 3644.37
1802, 3645.24
1803, 3646.37
1804, 3645.24
1805, 3646.24
1806, 3645.1
1807, 3643.96
1808, 3644.96
1809, 3642.83
1810, 3643.7
1811, 3641.56
1812, 3642.56
1813, 3640.16
1814, 3644.69
1815, 3637.89
1816, 3643.42
1817, 3645.68
1818, 3644.41
1819, 3641.01
1820, 3631.95
1821, 3640.88
1822, 3630.81
1823, 3630.81
1824, 3630.81
1825, 3636.34
1826, 3636.2
1827, 3635.07
1828, 3635.07
1829, 3637.07
1830, 3634.93
1831, 3634.93
1832, 3634.93
1833, 3637.05
1834, 3635.79
1835, 3635.79
1836, 3635.65
1837, 3635.65
1838, 3635.52
1839, 3634.38
1840, 3634.38
1841, 3636.51
1842, 3633.24
1843, 3633.24
1844, 3630.84
1845, 3630.84
1846, 3631.71
1847, 3630.57
1848, 3630.44
1849, 3628.17
1850, 3628.3
1851, 3631.43
1852, 3631.43
1853, 3623.63
1854, 3628.02
1855, 3628.02
1856, 3628.89
1857, 3624.36
1858, 3625.62
1859, 3625.62
1860, 3626.48
1861, 3618.69
1862, 3618.69
1863, 3618.55
1864, 3618.55
1865, 3620.55
1866, 3619.41
1867, 3620.41
1868, 3623.81
1869, 3623.94
1870, 3623.94
1871, 3627.06
1872, 3622.53
1873, 3622.4
1874, 3615.73
1875, 3615.73
1876, 3615.59
1877, 3618.86
1878, 3618.86
1879, 3616.59
1880, 3616.46
1881, 3616.46
1882, 3617.58
1883, 3619.58
1884, 3617.32
1885, 3615.18
1886, 3616.05
1887, 3616.17
1888, 3616.04
1889, 3611.38
1890, 3610.24
1891, 3614.77
1892, 3614.64
1893, 3616.9
1894, 3616.9
1895, 3614.63
1896, 3611.1
1897, 3611.1
1898, 3614.49
1899, 3614.36
1900, 3614.22
1901, 3613.22
1902, 3615.22
1903, 3614.08
1904, 3607.29
1905, 3607.29
1906, 3605.02
1907, 3605.02
1908, 3613.81
1909, 3608.27
1910, 3611.41
1911, 3613.67
1912, 3608.14
1913, 3608.14
1914, 3606.87
1915, 3606.87
1916, 3606.87
1917, 3598.67
1918, 3603.33
1919, 3603.33
1920, 3604.33
1921, 3604.06
1922, 3600.66
1923, 3604.19
1924, 3606.19
1925, 3601.65
1926, 3600.52
1927, 3602.65
1928, 3601.52
1929, 3601.52
1930, 3603.64
1931, 3597.98
1932, 3597.98
1933, 3597.84
1934, 3597.97
1935, 3599.97
1936, 3592.04
1937, 3593.3
1938, 3593.17
1939, 3593.17
1940, 3593.17
1941, 3594.16
1942, 3594.16
1943, 3594.16
1944, 3596.16
1945, 3598.42
1946, 3596.02
1947, 3593.89
1948, 3597.02
1949, 3595.88
1950, 3586.82
1951, 3594.62
1952, 3595.74
1953, 3592.48
1954, 3591.08
1955, 3593.34
1956, 3594.47
1957, 3591.07
1958, 3591.07
1959, 3595.33
1960, 3589.67
1961, 3585.14
1962, 3585.14
1963, 3591.92
1964, 3591.92
1965, 3591.92
1966, 3591.79
1967, 3591.52
1968, 3590.39
1969, 3589.25
1970, 3587.99
1971, 3589.12
1972, 3584.58
1973, 3584.58
1974, 3587.84
1975, 3587.84
1976, 3587.71
1977, 3586.57
1978, 3586.57
1979, 3588.7
1980, 3585.3
1981, 3585.3
1982, 3587.43
1983, 3589.69
1984, 3589.56
1985, 3584.03
1986, 3586.03
1987, 3581.62
1988, 3581.62
1989, 3581.62
1990, 3580.22
1991, 3584.75
1992, 3583.48
1993, 3584.61
1994, 3582.22
1995, 3582.21
1996, 3580.08
1997, 3584.34
1998, 3579.81
1999, 3579.94
2000, 3579.94
2001, 3580.8
2002, 3573
2003, 3573
2004, 3577.27
2005, 3577.27
2006, 3572.6
2007, 3569.2
2008, 3569.2
2009, 3573.72
2010, 3573.72
2011, 3573.72
2012, 3574.59
2013, 3574.45
2014, 3575.58
2015, 3575.58
2016, 3576.58
2017, 3570.91
2018, 3574.31
2019, 3575.31
2020, 3574.17
2021, 3567.51
2022, 3569.51
2023, 3573.03
2024, 3573.03
2025, 3567.1
2026, 3571.76
2027, 3568.1
2028, 3569.23
2029, 3570.49
2030, 3570.49
2031, 3565.83
2032, 3568.96
2033, 3566.69
2034, 3566.82
2035, 3566.82
2036, 3564.41
2037, 3567.68
2038, 3565.28
2039, 3567.54
2040, 3565.28
2041, 3564.14
2042, 3564.14
2043, 3564.14
2044, 3563.87
2045, 3567.27
2046, 3564.87
2047, 3562.6
2048, 3560.33
2049, 3560.33
2050, 3561.46
2051, 3562.33
2052, 3560.06
2053, 3557.92
2054, 3557.92
2055, 3561.05
2056, 3558.79
2057, 3558.79
2058, 3563.18
2059, 3563.05
2060, 3560.78
2061, 3558.51
2062, 3558.51
2063, 3556.24
2064, 3556.24
2065, 3558.24
2066, 3554.84
2067, 3553.84
2068, 3558.1
2069, 3560.36
2070, 3557.97
2071, 3554.56
2072, 3553.43
2073, 3553.3
2074, 3560.09
2075, 3557.95
2076, 3557.95
2077, 3558.82
2078, 3552.02
2079, 3549.75
2080, 3551.88
2081, 3551.88
2082, 3549.48
2083, 3551.88
2084, 3549.35
2085, 3547.21
2086, 3547.21
2087, 3547.21
2088, 3550.34
2089, 3547.94
2090, 3546.8
2091, 3546.93
2092, 3550.06
2093, 3547.8
2094, 3547.79
2095, 3547.66
2096, 3552.19
2097, 3552.19
2098, 3541.99
2099, 3541.99
2100, 3541.99
2101, 3547.38
2102, 3546.38
2103, 3547.25
2104, 3542.71
2105, 3541.58
2106, 3550.51
2107, 3540.31
2108, 3540.31
2109, 3543.57
2110, 3540.3
2111, 3543.44
2112, 3534.37
2113, 3539.03
2114, 3539.03
2115, 3538.9
2116, 3538.9
2117, 3542.03
2118, 3540.89
2119, 3540.89
2120, 3543.02
2121, 3535.22
2122, 3535.22
2123, 3539.48
2124, 3529.29
2125, 3530.29
2126, 3533.81
2127, 3536.95
2128, 3531.28
2129, 3538.2
2130, 3538.2
2131, 3534.54
2132, 3541.33
2133, 3538.93
2134, 3536.8
2135, 3537.66
2136, 3534.26
2137, 3529.73
2138, 3534.13
2139, 3532.99
2140, 3533.12
2141, 3530.59
2142, 3535.12
2143, 3530.46
2144, 3532.72
2145, 3531.58
2146, 3531.58
2147, 3530.31
2148, 3530.31
2149, 3530.31
2150, 3526.91
2151, 3526.91
2152, 3528.91
2153, 3526.64
2154, 3526.64
2155, 3523.23
2156, 3523.23
2157, 3527.5
2158, 3528.63
2159, 3527.63
2160, 3527.63
2161, 3527.36
2162, 3529.49
2163, 3527.22
2164, 3523.82
2165, 3523.82
2166, 3522.55
2167, 3520.42
2168, 3520.42
2169, 3520.15
2170, 3523.68
2171, 3523.54
2172, 3523.54
2173, 3518.74
2174, 3515.47
2175, 3523.27
2176, 3523.27
2177, 3516.47
2178, 3520.86
2179, 3515.07
2180, 3519.6
2181, 3517.2
2182, 3517.2
2183, 3520.59
2184, 3520.59
2185, 3520.45
2186, 3516.05
2187, 3515.79
2188, 3516.92
2189, 3514.78
2190, 3516.78
2191, 3513.38
2192, 3513.38
2193, 3512.11
2194, 3513.24
2195, 3513.24
2196, 3514.24
2197, 3513.24
2198, 3513.24
2199, 3513.1
2200, 3515.1
2201, 3511.83
2202, 3509.43
2203, 3510.43
2204, 3512.69
2205, 3509.42
2206, 3513.69
2207, 3514.82
2208, 3511.42
2209, 3511.29
2210, 3514.81
2211, 3514.81
2212, 3511.28
2213, 3511.28
2214, 3511.28
2215, 3506.61
2216, 3508.74
2217, 3509.74
2218, 3505.34
2219, 3507.34
2220, 3502.81
2221, 3503.93
2222, 3503.93
2223, 3500.53
2224, 3502.66
2225, 3502.53
2226, 3502.53
2227, 3504.66
2228, 3506.92
2229, 3506.92
2230, 3504.52
2231, 3502.25
2232, 3497.72
2233, 3497.72
2234, 3504.38
2235, 3503.24
2236, 3499.71
2237, 3497.58
2238, 3497.58
2239, 3498.44
2240, 3491.64
2241, 3491.64
2242, 3491.51
2243, 3492.77
2244, 3492.77
2245, 3496.03
2246, 3497.03
2247, 3498.03
2248, 3492.36
2249, 3492.36
2250, 3495.75
2251, 3495.75
2252, 3495.75
2253, 3493.35
2254, 3496.61
2255, 3495.48
2256, 3495.48
2257, 3495.48
2258, 3489.68
2259, 3489.68
2260, 3490.54
2261, 3490.54
2262, 3492.94
2263, 3494.94
2264, 3491.66
2265, 3491.66
2266, 3493.66
2267, 3491.4
2268, 3491.4
2269, 3491.39
2270, 3488.99
2271, 3488.99
2272, 3489.99
2273, 3490.12
2274, 3490.99
2275, 3488.85
2276, 3488.85
2277, 3488.58
2278, 3483.05
2279, 3486.18
2280, 3487.31
2281, 3488.44
2282, 3488.44
2283, 3490.7
2284, 3491.57
2285, 3482.5
2286, 3480.37
2287, 3481.24
2288, 3482.5
2289, 3484.63
2290, 3484.63
2291, 3481.09
2292, 3482.22
2293, 3482.09
2294, 3483.35
2295, 3483.35
2296, 3481.95
2297, 3475.29
2298, 3473.89
2299, 3471.75
2300, 3471.75
2301, 3479.41
2302, 3484.07
2303, 3484.94
2304, 3482.67
2305, 3478.27
2306, 3475.74
2307, 3479.13
2308, 3480.4
2309, 3473.34
2310, 3479
2311, 3477.86
2312, 3476.72
2313, 3475.46
2314, 3475.46
2315, 3478.72
2316, 3472.06
2317, 3472.06
2318, 3474.18
2319, 3474.18
2320, 3475.05
2321, 3475.05
2322, 3475.05
2323, 3472.64
2324, 3477.17
2325, 3477.17
2326, 3470.24
2327, 3475.9
2328, 3475.9
2329, 3473.5
2330, 3474.5
2331, 3466.7
2332, 3466.57
2333, 3466.57
2334, 3460.9
2335, 3468.69
2336, 3468.69
2337, 3469.69
2338, 3467.55
2339, 3467.42
2340, 3467.42
2341, 3467.42
2342, 3472.81
2343, 3460.48
2344, 3460.48
2345, 3459.21
2346, 3459.21
2347, 3464.61
2348, 3462.47
2349, 3462.47
2350, 3467.87
2351, 3464.6
2352, 3464.6
2353, 3459.8
2354, 3459.93
2355, 3459.93
2356, 3459.66
2357, 3460.92
2358, 3466.32
2359, 3461.79
2360, 3461.66
2361, 3460.52
2362, 3461.65
2363, 3461.65
2364, 3460.51
2365, 3460.51
2366, 3454.58
2367, 3459.24
2368, 3461.24
2369, 3455.58
2370, 3456.71
2371, 3456.57
2372, 3461.1
2373, 3454.3
2374, 3447.37
2375, 3456.43
2376, 3455.29
2377, 3455.16
2378, 3456.42
2379, 3459.56
2380, 3453.89
2381, 3448.36
2382, 3452.62
2383, 3459.41
2384, 3457.15
2385, 3458.15
2386, 3451.35
2387, 3448.95
2388, 3454.61
2389, 3455.74
2390, 3453.34
2391, 3453.34
2392, 3447.67
2393, 3447.67
2394, 3453.2
2395, 3453.07
2396, 3447.4
2397, 3448.53
2398, 3450.66
2399, 3443.86
2400, 3446.26
2401, 3446.26
2402, 3447.25
2403, 3447.25
2404, 3447.25
2405, 3449.25
2406, 3447.98
2407, 3442.32
2408, 3442.45
2409, 3442.45
2410, 3447.84
2411, 3445.57
2412, 3445.57
2413, 3447.7
2414, 3443.17
2415, 3443.04
2416, 3443.03
2417, 3443.03
2418, 3439.5
2419, 3445.16
2420, 3445.16
2421, 3440.49
2422, 3439.36
2423, 3438.22
2424, 3438.22
2425, 3438.22
2426, 3440.22
2427, 3435.69
2428, 3435.69
2429, 3436.68
2430, 3436.81
2431, 3436.81
2432, 3441.21
2433, 3441.21
2434, 3439.81
2435, 3445.6
2436, 3445.6
2437, 3436.27
2438, 3436.27
2439, 3436.27
2440, 3437.26
2441, 3436.13
2442, 3434.99
2443, 3438.26
2444, 3438.26
2445, 3434.85
2446, 3434.72
2447, 3434.72
2448, 3435.72
2449, 3434.71
2450, 3435.58
2451, 3433.45
2452, 3434.31
2453, 3435.44
2454, 3437.7
2455, 3438.7
2456, 3428.64
2457, 3428.5
2458, 3428.5
2459, 3429.5
2460, 3427.1
2461, 3430.5
2462, 3427.23
2463, 3427.23
2464, 3430.36
2465, 3422.56
2466, 3429.09
2467, 3430.35
2468, 3430.35
2469, 3430.08
2470, 3426.68
2471, 3431.08
2472, 3424.28
2473, 3426.68
2474, 3426.68
2475, 3425.41
2476, 3425.27
2477, 3425.27
2478, 3429.67
2479, 3428.4
2480, 3427.27
2481, 3422.87
2482, 3422.87
2483, 3428.26
2484, 3421.46
2485, 3421.46
2486, 3422.46
2487, 3419.19
2488, 3430.25
2489, 3422.45
2490, 3424.45
2491, 3423.32
2492, 3423.31
2493, 3419.78
2494, 3423.18
2495, 3420.91
2496, 3420.91
2497, 3420.77
2498, 3420.77
2499, 3415.1
2500, 3416.1
2501, 3416.1
2502, 3420.5
2503, 3419.36
2504, 3416.97
2505, 3419.23
2506, 3418.22
2507, 3420.22
2508, 3424.88
2509, 3413.29
2510, 3412.29
2511, 3418.95
2512, 3418.95
2513, 3414.28
2514, 3416.68
2515, 3415.28
2516, 3414.28
2517, 3414.28
2518, 3411.74
2519, 3413.01
2520, 3413.01
2521, 3415.13
2522, 3415.13
2523, 3415.13
2524, 3412.6
2525, 3410.46
2526, 3407.93
2527, 3414.86
2528, 3414.86
2529, 3409.06
2530, 3409.06
2531, 3409.06
2532, 3414.45
2533, 3413.45
2534, 3413.45
2535, 3406.52
2536, 3417.58
2537, 3410.78
2538, 3407.38
2539, 3409.51
2540, 3406.24
2541, 3406.11
2542, 3406.11
2543, 3413.9
2544, 3412.63
2545, 3404.7
2546, 3410.36
2547, 3410.36
2548, 3409.09
2549, 3403.43
2550, 3403.43
2551, 3410.09
2552, 3410.08
2553, 3409.95
2554, 3409.95
2555, 3410.95
2556, 3404.15
2557, 3406.54
2558, 3406.54
2559, 3401.75
2560, 3399.61
2561, 3406.14
2562, 3407.27
2563, 3404.87
2564, 3398.2
2565, 3401.47
2566, 3401.47
2567, 3400.33
2568, 3400.33
2569, 3400.33
2570, 3398.93
2571, 3397.92
2572, 3397.92
2573, 3395.39
2574, 3395.39
2575, 3400.92
2576, 3403.18
2577, 3398.52
2578, 3398.51
2579, 3397.51
2580, 3397.51
2581, 3398.37
2582, 3398.37
2583, 3400.5
2584, 3398.37
2585, 3398.37
2586, 3402.63
2587, 3397.1
2588, 3397.96
2589, 3404.76
2590, 3396.83
2591, 3396.69
2592, 3394.42
2593, 3394.42
2594, 3398.82
2595, 3396.68
2596, 3396.68
2597, 3394.15
2598, 3397.68
2599, 3397.68
2600, 3393.01
2601, 3393.01
2602, 3391.61
2603, 3389.34
2604, 3398.27
2605, 3393.74
2606, 3397.26
2607, 3397.26
2608, 3398.13
2609, 3394.73
2610, 3396.86
2611, 3395.72
2612, 3395.72
2613, 3385.4
2614, 3386.66
2615, 3386.66
2616, 3396.58
2617, 3392.18
2618, 3398.71
2619, 3390.78
2620, 3390.65
2621, 3396.31
2622, 3391.91
2623, 3388.24
2624, 3388.24
2625, 3389.37
2626, 3394.9
2627, 3394.9
2628, 3394.76
2629, 3385.7
2630, 3384.7
2631, 3384.7
2632, 3391.22
2633, 3391.22
2634, 3391.22
2635, 3390.08
2636, 3389.95
2637, 3389.82
2638, 3392.21
2639, 3389.68
2640, 3390.81
2641, 3390.94
2642, 3390.94
2643, 3385.01
2644, 3384.01
2645, 3384.01
2646, 3383.74
2647, 3384.74
2648, 3383.6
2649, 3381.33
2650, 3381.33
2651, 3384.59
2652, 3383.46
2653, 3383.46
2654, 3384.46
2655, 3385.58
2656, 3385.58
2657, 3384.32
2658, 3380.79
2659, 3384.18
2660, 3381.91
2661, 3385.18
2662, 3386.31
2663, 3384.04
2664, 3384.04
2665, 3386.17
2666, 3382.77
2667, 3383.9
2668, 3383.9
2669, 3383.9
2670, 3384.76
2671, 3378.1
2672, 3378.96
2673, 3381.22
2674, 3381.35
2675, 3385.62
2676, 3378.95
2677, 3378.95
2678, 3385.48
2679, 3383.21
2680, 3377.42
2681, 3382.07
2682, 3382.07
2683, 3381.81
2684, 3381.8
2685, 3381.67
2686, 3381.67
2687, 3375
2688, 3375
2689, 3383.79
2690, 3383.79
2691, 3383.79
2692, 3375.73
2693, 3380.25
2694, 3380.12
2695, 3372.32
2696, 3372.32
2697, 3375.45
2698, 3374.32
2699, 3379.85
2700, 3378.71
2701, 3377.58
2702, 3377.44
2703, 3379.84
2704, 3381.84
2705, 3379.57
2706, 3369.51
2707, 3369.51
2708, 3370.37
2709, 3370.5
2710, 3370.5
2711, 3377.03
2712, 3375.89
2713, 3376.89
2714, 3377.02
2715, 3379.02
2716, 3369.96
2717, 3374.48
2718, 3374.48
2719, 3373.22
2720, 3373.21
2721, 3371.95
2722, 3370.94
2723, 3370.94
2724, 3378.6
2725, 3373.07
2726, 3373.07
2727, 3373.93
2728, 3380.73
2729, 3380.73
2730, 3372.66
2731, 3375.93
2732, 3375.92
2733, 3377.05
2734, 3378.05
2735, 3369.12
2736, 3371.25
2737, 3374.52
2738, 3362.19
2739, 3362.19
2740, 3362.05
2741, 3362.05
2742, 3362.05
2743, 3362.91
2744, 3361.91
2745, 3361.91
2746, 3371.84
2747, 3369.7
2748, 3371.7
2749, 3366.03
2750, 3369.3
2751, 3367.03
2752, 3366.03
2753, 3366.03
2754, 3374.82
2755, 3365.89
2756, 3365.89
2757, 3367.89
2758, 3371.28
2759, 3371.15
2760, 3374.67
2761, 3374.67
2762, 3364.21
2763, 3355.28
2764, 3355.28
2765, 3360.68
2766, 3361.81
2767, 3373
2768, 3367.46
2769, 3367.2
2770, 3368.33
2771, 3367.33
2772, 3369.33
2773, 3361.52
2774, 3361.52
2775, 3361.52
2776, 3364.65
2777, 3369.18
2778, 3370.18
2779, 3365.78
2780, 3371.18
2781, 3371.17
2782, 3374.7
2783, 3367.64
2784, 3367.64
2785, 3372.3
2786, 3374.3
2787, 3359.57
2788, 3374.16
2789, 3368.5
2790, 3368.62
2791, 3368.62
2792, 3358.16
2793, 3357.16
2794, 3357.16
2795, 3364.82
2796, 3369.22
2797, 3363.55
2798, 3366.95
2799, 3366.95
2800, 3373.61
2801, 3365.81
2802, 3365.81
2803, 3364.41
2804, 3364.54
2805, 3365.4
2806, 3367.66
2807, 3365.27
2808, 3365.26
2809, 3359.6
2810, 3359.6
2811, 3366.26
2812, 3355.06
2813, 3355.06
2814, 3372.91
2815, 3363.72
2816, 3368.25
2817, 3359.18
2818, 3359.18
2819, 3364.71
2820, 3360.31
2821, 3360.31
2822, 3363.44
2823, 3360.17
2824, 3366.7
2825, 3365.57
2826, 3365.57
2827, 3364.3
2828, 3359.9
2829, 3359.9
2830, 3367.56
2831, 3362.02
2832, 3362.02
2833, 3359.62
2834, 3363.89
2835, 3363.88
2836, 3362.75
2837, 3362.75
2838, 3361.48
2839, 3362.74
2840, 3357.95
2841, 3353.41
2842, 3363.74
2843, 3361.21
2844, 3356.67
2845, 3356.67
2846, 3370.13
2847, 3365.73
2848, 3364.33
2849, 3367.72
2850, 3365.59
2851, 3365.59
2852, 3366.58
2853, 3368.58
2854, 3361.78
2855, 3366.44
2856, 3367.31
2857, 3365.04
2858, 3365.04
2859, 3365.04
2860, 3362.64
2861, 3367.17
2862, 3368.17
2863, 3361.37
2864, 3361.37
2865, 3360.1
2866, 3368.16
2867, 3368.16
2868, 3369.02
2869, 3369.15
2870, 3371.15
2871, 3371.15
2872, 3372.15
2873, 3371.01
2874, 3370.01
2875, 3370.01
2876, 3373.14
2877, 3363.07
2878, 3363.07
2879, 3376.4
2880, 3383.06
2881, 3372.86
2882, 3370.73
2883, 3370.73
2884, 3378.39
2885, 3386.44
2886, 3386.44
2887, 3387.31
2888, 3383.91
2889, 3383.91
2890, 3384.9
2891, 3384.9
2892, 3390.43
2893, 3391.56
2894, 3394.82
2895, 3392.56
2896, 3391.55
2897, 3391.55
2898, 3391.28
2899, 3391.28
2900, 3394.55
2901, 3400.2
2902, 3400.2
2903, 3398.94
2904, 3405.86
2905, 3410.13
2906, 3407.86
2907, 3410.25
2908, 3412.25
2909, 3414.65
2910, 3416.65
2911, 3413.24
2912, 3428.1
2913, 3428.1
2914, 3436.89
2915, 3438.15
2916, 3438.15
2917, 3431.22
2918, 3431.22
2919, 3442.28
2920, 3433.35
2921, 3433.35
2922, 3445.53
2923, 3451.33
2924, 3451.33
2925, 3447.66
2926, 3458.98
2927, 3458.85
2928, 3454.45
2929, 3454.45
2930, 3471.17
2931, 3479.22
2932, 3479.22
2933, 3507.27
2934, 3514.19
2935, 3514.19
2936, 3532.18
2937, 3534.18
2938, 3554.56
2939, 3576.2
2940, 3578.2
2941, 3638.22
2942, 3699.51
2943, 3699.51
2944, 3775.11
2945, 3775.11
