0, 1880
1, 1458
2, 1360
3, 1287
4, 1270
5, 1257
6, 1236
7, 1226
8, 1213
9, 1204
10, 1193
11, 1196
12, 1192
13, 1184
14, 1182
15, 1189
16, 1179
17, 1169
18, 1169
19, 1162
20, 1161
21, 1161
22, 1162
23, 1157
24, 1162
25, 1159
26, 1161
27, 1159
28, 1155
29, 1156
30, 1157
31, 1156
32, 1158
33, 1152
34, 1154
35, 1151
36, 1152
37, 1152
38, 1151
39, 1147
40, 1146
41, 1148
42, 1146
43, 1145
44, 1153
45, 1147
46, 1147
47, 1142
48, 1143
49, 1140
50, 1144
51, 1142
52, 1141
53, 1144
54, 1138
55, 1141
56, 1143
57, 1143
58, 1144
59, 1143
60, 1142
61, 1145
62, 1137
63, 1135
64, 1141
65, 1140
66, 1143
67, 1136
68, 1139
69, 1138
70, 1136
71, 1138
72, 1143
73, 1136
74, 1136
75, 1138
76, 1138
77, 1139
78, 1145
79, 1137
80, 1137
81, 1138
82, 1139
83, 1139
84, 1141
85, 1139
86, 1140
87, 1144
88, 1139
89, 1139
90, 1143
91, 1141
92, 1141
93, 1143
94, 1138
95, 1139
96, 1142
97, 1143
98, 1141
99, 1144
100, 1139
101, 1139
102, 1139
103, 1141
104, 1141
105, 1143
106, 1143
107, 1147
108, 1146
109, 1147
110, 1145
111, 1146
112, 1147
113, 1149
114, 1149
115, 1152
116, 1150
117, 1148
118, 1148
119, 1147
120, 1147
121, 1148
122, 1149
123, 1148
124, 1147
125, 1143
126, 1150
127, 1152
128, 1152
129, 1152
130, 1149
131, 1148
132, 1149
133, 1154
134, 1150
135, 1148
136, 1148
137, 1148
138, 1152
139, 1147
140, 1151
141, 1154
142, 1150
143, 1153
144, 1155
145, 1154
146, 1154
147, 1156
148, 1154
149, 1148
150, 1155
151, 1157
152, 1157
153, 1155
154, 1154
155, 1156
156, 1155
157, 1154
158, 1154
159, 1158
160, 1157
161, 1157
162, 1158
163, 1160
164, 1156
165, 1162
166, 1157
167, 1158
168, 1161
169, 1162
170, 1165
171, 1162
172, 1161
173, 1161
174, 1162
175, 1161
176, 1158
177, 1165
178, 1158
179, 1162
180, 1162
181, 1165
182, 1165
183, 1167
184, 1163
185, 1162
186, 1164
187, 1164
188, 1164
189, 1170
190, 1166
191, 1164
192, 1166
193, 1172
194, 1165
195, 1167
196, 1165
197, 1167
198, 1167
199, 1167
200, 1169
201, 1172
202, 1169
203, 1169
204, 1171
205, 1168
206, 1171
207, 1172
208, 1177
209, 1173
210, 1175
211, 1176
212, 1172
213, 1174
214, 1172
215, 1176
216, 1177
217, 1173
218, 1166
219, 1166
220, 1174
221, 1171
222, 1174
223, 1176
224, 1176
225, 1176
226, 1176
227, 1177
228, 1177
229, 1177
230, 1179
231, 1176
232, 1179
233, 1176
234, 1176
235, 1180
236, 1180
237, 1181
238, 1180
239, 1179
240, 1178
241, 1178
242, 1180
243, 1177
244, 1177
245, 1177
246, 1180
247, 1183
248, 1182
249, 1188
250, 1185
251, 1183
252, 1186
253, 1185
254, 1188
255, 1189
256, 1182
257, 1181
258, 1181
259, 1181
260, 1181
261, 1181
262, 1187
263, 1187
264, 1189
265, 1188
266, 1188
267, 1188
268, 1185
269, 1186
270, 1189
271, 1189
272, 1186
273, 1188
274, 1187
275, 1194
276, 1194
277, 1194
278, 1192
279, 1191
280, 1190
281, 1197
282, 1195
283, 1192
284, 1194
285, 1196
286, 1199
287, 1196
288, 1193
289, 1193
290, 1198
291, 1195
292, 1196
293, 1195
294, 1199
295, 1198
296, 1196
297, 1198
298, 1197
299, 1199
300, 1201
301, 1198
302, 1203
303, 1203
304, 1204
305, 1201
306, 1200
307, 1200
308, 1201
309, 1206
310, 1206
311, 1204
312, 1205
313, 1207
314, 1205
315, 1203
316, 1204
317, 1204
318, 1209
319, 1208
320, 1203
321, 1204
322, 1205
323, 1212
324, 1207
325, 1208
326, 1207
327, 1209
328, 1210
329, 1211
330, 1207
331, 1207
332, 1211
333, 1211
334, 1212
335, 1209
336, 1214
337, 1211
338, 1214
339, 1214
340, 1213
341, 1208
342, 1212
343, 1213
344, 1212
345, 1214
346, 1215
347, 1216
348, 1216
349, 1216
350, 1215
351, 1214
352, 1215
353, 1215
354, 1216
355, 1216
356, 1216
357, 1219
358, 1217
359, 1219
360, 1219
361, 1219
362, 1219
363, 1220
364, 1218
365, 1224
366, 1223
367, 1223
368, 1223
369, 1223
370, 1223
371, 1222
372, 1222
373, 1222
374, 1225
375, 1226
376, 1224
377, 1226
378, 1225
379, 1229
380, 1229
381, 1229
382, 1227
383, 1226
384, 1227
385, 1227
386, 1226
387, 1227
388, 1227
389, 1227
390, 1228
391, 1230
392, 1230
393, 1229
394, 1227
395, 1227
396, 1228
397, 1227
398, 1228
399, 1231
400, 1232
401, 1231
402, 1231
403, 1234
404, 1235
405, 1235
406, 1234
407, 1234
408, 1233
409, 1232
410, 1232
411, 1234
412, 1234
413, 1236
414, 1240
415, 1240
416, 1236
417, 1232
418, 1236
419, 1238
420, 1236
421, 1237
422, 1241
423, 1242
424, 1241
425, 1238
426, 1241
427, 1238
428, 1243
429, 1238
430, 1243
431, 1246
432, 1242
433, 1245
434, 1245
435, 1246
436, 1247
437, 1238
438, 1248
439, 1248
440, 1246
441, 1244
442, 1249
443, 1246
444, 1246
445, 1246
446, 1250
447, 1251
448, 1247
449, 1250
450, 1250
451, 1249
452, 1253
453, 1253
454, 1253
455, 1247
456, 1247
457, 1254
458, 1252
459, 1252
460, 1253
461, 1254
462, 1252
463, 1253
464, 1253
465, 1255
466, 1254
467, 1251
468, 1255
469, 1256
470, 1259
471, 1258
472, 1257
473, 1256
474, 1257
475, 1259
476, 1257
477, 1257
478, 1257
479, 1262
480, 1262
481, 1263
482, 1262
483, 1260
484, 1259
485, 1263
486, 1262
487, 1264
488, 1263
489, 1259
490, 1259
491, 1259
492, 1259
493, 1260
494, 1263
495, 1264
496, 1267
497, 1264
498, 1266
499, 1265
500, 1267
501, 1270
502, 1270
503, 1271
504, 1266
505, 1271
506, 1273
507, 1273
508, 1269
509, 1270
510, 1267
511, 1271
512, 1271
513, 1270
514, 1270
515, 1272
516, 1272
517, 1269
518, 1269
519, 1272
520, 1272
521, 1276
522, 1274
523, 1275
524, 1277
525, 1275
526, 1276
527, 1278
528, 1278
529, 1280
530, 1277
531, 1280
532, 1280
533, 1277
534, 1279
535, 1278
536, 1279
537, 1279
538, 1281
539, 1281
540, 1281
541, 1283
542, 1284
543, 1284
544, 1281
545, 1281
546, 1283
547, 1281
548, 1281
549, 1281
550, 1282
551, 1285
552, 1284
553, 1286
554, 1283
555, 1282
556, 1282
557, 1287
558, 1287
559, 1287
560, 1288
561, 1290
562, 1290
563, 1291
564, 1289
565, 1293
566, 1293
567, 1295
568, 1291
569, 1290
570, 1290
571, 1292
572, 1296
573, 1291
574, 1291
575, 1291
576, 1291
577, 1292
578, 1294
579, 1293
580, 1294
581, 1300
582, 1297
583, 1295
584, 1294
585, 1295
586, 1297
587, 1298
588, 1299
589, 1299
590, 1300
591, 1300
592, 1301
593, 1302
594, 1305
595, 1304
596, 1306
597, 1305
598, 1302
599, 1302
600, 1301
601, 1301
602, 1301
603, 1301
604, 1301
605, 1301
606, 1305
607, 1305
608, 1305
609, 1309
610, 1306
611, 1310
612, 1311
613, 1308
614, 1307
615, 1306
616, 1306
617, 1312
618, 1311
619, 1311
620, 1308
621, 1308
622, 1308
623, 1308
624, 1308
625, 1313
626, 1313
627, 1313
628, 1313
629, 1314
630, 1317
631, 1319
632, 1313
633, 1317
634, 1317
635, 1317
636, 1319
637, 1319
638, 1319
639, 1319
640, 1314
641, 1319
642, 1320
643, 1313
644, 1314
645, 1315
646, 1313
647, 1315
648, 1315
649, 1317
650, 1322
651, 1321
652, 1320
653, 1319
654, 1319
655, 1322
656, 1322
657, 1327
658, 1327
659, 1327
660, 1326
661, 1323
662, 1325
663, 1326
664, 1326
665, 1326
666, 1324
667, 1324
668, 1327
669, 1329
670, 1326
671, 1330
672, 1328
673, 1331
674, 1332
675, 1332
676, 1332
677, 1331
678, 1331
679, 1332
680, 1333
681, 1332
682, 1333
683, 1334
684, 1334
685, 1337
686, 1337
687, 1332
688, 1332
689, 1335
690, 1336
691, 1336
692, 1336
693, 1339
694, 1337
695, 1337
696, 1338
697, 1340
698, 1340
699, 1341
700, 1338
701, 1340
702, 1340
703, 1341
704, 1343
705, 1344
706, 1341
707, 1340
708, 1340
709, 1347
710, 1346
711, 1346
712, 1340
713, 1340
714, 1343
715, 1343
716, 1343
717, 1344
718, 1347
719, 1347
720, 1349
721, 1349
722, 1348
723, 1345
724, 1345
725, 1345
726, 1346
727, 1349
728, 1349
729, 1349
730, 1352
731, 1351
732, 1351
733, 1351
734, 1351
735, 1355
736, 1355
737, 1352
738, 1353
739, 1354
740, 1351
741, 1354
742, 1354
743, 1357
744, 1353
745, 1353
746, 1353
747, 1358
748, 1357
749, 1356
750, 1360
751, 1362
752, 1355
753, 1357
754, 1357
755, 1358
756, 1359
757, 1359
758, 1356
759, 1356
760, 1357
761, 1363
762, 1362
763, 1363
764, 1363
765, 1364
766, 1363
767, 1366
768, 1363
769, 1365
770, 1365
771, 1367
772, 1367
773, 1364
774, 1369
775, 1369
776, 1365
777, 1370
778, 1370
779, 1371
780, 1371
781, 1370
782, 1370
783, 1371
784, 1371
785, 1373
786, 1371
787, 1367
788, 1374
789, 1374
790, 1374
791, 1375
792, 1369
793, 1374
794, 1374
795, 1370
796, 1375
797, 1375
798, 1378
799, 1378
800, 1378
801, 1379
802, 1376
803, 1376
804, 1379
805, 1379
806, 1379
807, 1378
808, 1379
809, 1379
810, 1379
811, 1375
812, 1378
813, 1378
814, 1380
815, 1381
816, 1381
817, 1385
818, 1381
819, 1380
820, 1385
821, 1386
822, 1383
823, 1384
824, 1385
825, 1385
826, 1387
827, 1386
828, 1387
829, 1386
830, 1386
831, 1387
832, 1387
833, 1386
834, 1390
835, 1389
836, 1390
837, 1391
838, 1391
839, 1393
840, 1394
841, 1387
842, 1388
843, 1388
844, 1388
845, 1388
846, 1388
847, 1389
848, 1390
849, 1397
850, 1395
851, 1396
852, 1394
853, 1397
854, 1397
855, 1397
856, 1397
857, 1397
858, 1396
859, 1399
860, 1398
861, 1398
862, 1399
863, 1403
864, 1403
865, 1400
866, 1402
867, 1400
868, 1402
869, 1407
870, 1406
871, 1403
872, 1404
873, 1404
874, 1407
875, 1407
876, 1401
877, 1400
878, 1407
879, 1407
880, 1407
881, 1407
882, 1410
883, 1411
884, 1408
885, 1410
886, 1410
887, 1409
888, 1409
889, 1411
890, 1409
891, 1413
892, 1408
893, 1411
894, 1413
895, 1412
896, 1411
897, 1412
898, 1414
899, 1417
900, 1417
901, 1417
902, 1418
903, 1417
904, 1419
905, 1418
906, 1418
907, 1419
908, 1420
909, 1420
910, 1422
911, 1422
912, 1416
913, 1415
914, 1415
915, 1420
916, 1421
917, 1422
918, 1421
919, 1423
920, 1423
921, 1424
922, 1423
923, 1423
924, 1422
925, 1417
926, 1425
927, 1421
928, 1421
929, 1423
930, 1424
931, 1427
932, 1427
933, 1425
934, 1426
935, 1426
936, 1430
937, 1429
938, 1430
939, 1429
940, 1429
941, 1429
942, 1429
943, 1431
944, 1431
945, 1430
946, 1430
947, 1430
948, 1435
949, 1432
950, 1432
951, 1432
952, 1432
953, 1433
954, 1436
955, 1435
956, 1436
957, 1436
958, 1437
959, 1433
960, 1436
961, 1435
962, 1437
963, 1432
964, 1438
965, 1438
966, 1439
967, 1437
968, 1436
969, 1440
970, 1441
971, 1438
972, 1443
973, 1443
974, 1443
975, 1443
976, 1443
977, 1443
978, 1442
979, 1439
980, 1442
981, 1442
982, 1447
983, 1446
984, 1447
985, 1446
986, 1447
987, 1445
988, 1446
989, 1443
990, 1445
991, 1446
992, 1443
993, 1448
994, 1449
995, 1448
996, 1449
997, 1449
998, 1449
999, 1452
1000, 1449
1001, 1453
1002, 1454
1003, 1451
1004, 1455
1005, 1454
1006, 1453
1007, 1455
1008, 1456
1009, 1455
1010, 1455
1011, 1456
1012, 1457
1013, 1458
1014, 1454
1015, 1455
1016, 1456
1017, 1457
1018, 1461
1019, 1461
1020, 1459
1021, 1461
1022, 1461
1023, 1464
1024, 1464
1025, 1461
1026, 1462
1027, 1460
1028, 1460
1029, 1464
1030, 1465
1031, 1462
1032, 1463
1033, 1463
1034, 1467
1035, 1467
1036, 1465
1037, 1465
1038, 1466
1039, 1463
1040, 1468
1041, 1468
1042, 1468
1043, 1464
1044, 1466
1045, 1467
1046, 1467
1047, 1467
1048, 1468
1049, 1468
1050, 1468
1051, 1469
1052, 1469
1053, 1470
1054, 1470
1055, 1470
1056, 1474
1057, 1475
1058, 1475
1059, 1477
1060, 1472
1061, 1468
1062, 1469
1063, 1477
1064, 1479
1065, 1479
1066, 1476
1067, 1477
1068, 1477
1069, 1477
1070, 1479
1071, 1478
1072, 1481
1073, 1484
1074, 1484
1075, 1481
1076, 1484
1077, 1483
1078, 1485
1079, 1479
1080, 1482
1081, 1480
1082, 1479
1083, 1487
1084, 1483
1085, 1485
1086, 1486
1087, 1487
1088, 1488
1089, 1488
1090, 1486
1091, 1488
1092, 1489
1093, 1490
1094, 1492
1095, 1491
1096, 1492
1097, 1492
1098, 1492
1099, 1489
1100, 1492
1101, 1490
1102, 1489
1103, 1497
1104, 1496
1105, 1492
1106, 1492
1107, 1495
1108, 1496
1109, 1496
1110, 1494
1111, 1497
1112, 1498
1113, 1496
1114, 1495
1115, 1498
1116, 1499
1117, 1499
1118, 1498
1119, 1497
1120, 1501
1121, 1498
1122, 1495
1123, 1494
1124, 1500
1125, 1500
1126, 1502
1127, 1501
1128, 1501
1129, 1505
1130, 1506
1131, 1506
1132, 1504
1133, 1507
1134, 1506
1135, 1508
1136, 1507
1137, 1510
1138, 1507
1139, 1507
1140, 1507
1141, 1507
1142, 1508
1143, 1507
1144, 1507
1145, 1508
1146, 1509
1147, 1509
1148, 1511
1149, 1512
1150, 1512
1151, 1515
1152, 1515
1153, 1515
1154, 1515
1155, 1510
1156, 1516
1157, 1514
1158, 1513
1159, 1515
1160, 1515
1161, 1515
1162, 1516
1163, 1515
1164, 1515
1165, 1516
1166, 1516
1167, 1516
1168, 1516
1169, 1516
1170, 1520
1171, 1520
1172, 1520
1173, 1521
1174, 1524
1175, 1522
1176, 1522
1177, 1522
1178, 1524
1179, 1525
1180, 1526
1181, 1522
1182, 1525
1183, 1524
1184, 1526
1185, 1526
1186, 1528
1187, 1528
1188, 1527
1189, 1529
1190, 1531
1191, 1522
1192, 1522
1193, 1522
1194, 1525
1195, 1531
1196, 1529
1197, 1534
1198, 1535
1199, 1531
1200, 1532
1201, 1532
1202, 1532
1203, 1531
1204, 1531
1205, 1533
1206, 1532
1207, 1537
1208, 1537
1209, 1537
1210, 1537
1211, 1533
1212, 1536
1213, 1537
1214, 1539
1215, 1538
1216, 1539
1217, 1539
1218, 1542
1219, 1544
1220, 1539
1221, 1541
1222, 1540
1223, 1536
1224, 1541
1225, 1542
1226, 1547
1227, 1542
1228, 1542
1229, 1542
1230, 1543
1231, 1542
1232, 1547
1233, 1552
1234, 1549
1235, 1550
1236, 1544
1237, 1551
1238, 1547
1239, 1546
1240, 1546
1241, 1547
1242, 1551
1243, 1552
1244, 1552
1245, 1551
1246, 1552
1247, 1550
1248, 1551
1249, 1552
1250, 1555
1251, 1557
1252, 1558
1253, 1555
1254, 1557
1255, 1557
1256, 1558
1257, 1555
1258, 1559
1259, 1558
1260, 1559
1261, 1560
1262, 1561
1263, 1562
1264, 1560
1265, 1561
1266, 1561
1267, 1563
1268, 1562
1269, 1562
1270, 1563
1271, 1563
1272, 1563
1273, 1560
1274, 1560
1275, 1563
1276, 1562
1277, 1566
1278, 1566
1279, 1567
1280, 1571
1281, 1568
1282, 1568
1283, 1569
1284, 1569
1285, 1570
1286, 1567
1287, 1567
1288, 1571
1289, 1569
1290, 1574
1291, 1574
1292, 1571
1293, 1574
1294, 1573
1295, 1573
1296, 1571
1297, 1573
1298, 1574
1299, 1579
1300, 1578
1301, 1578
1302, 1575
1303, 1579
1304, 1579
1305, 1576
1306, 1579
1307, 1580
1308, 1582
1309, 1584
1310, 1583
1311, 1583
1312, 1583
1313, 1579
1314, 1582
1315, 1581
1316, 1586
1317, 1587
1318, 1589
1319, 1588
1320, 1592
1321, 1585
1322, 1589
1323, 1587
1324, 1591
1325, 1589
1326, 1590
1327, 1587
1328, 1588
1329, 1595
1330, 1595
1331, 1595
1332, 1591
1333, 1592
1334, 1592
1335, 1593
1336, 1590
1337, 1590
1338, 1597
1339, 1597
1340, 1598
1341, 1599
1342, 1597
1343, 1598
1344, 1599
1345, 1597
1346, 1603
1347, 1604
1348, 1603
1349, 1605
1350, 1599
1351, 1599
1352, 1600
1353, 1602
1354, 1604
1355, 1605
1356, 1602
1357, 1603
1358, 1603
1359, 1605
1360, 1606
1361, 1610
1362, 1606
1363, 1610
1364, 1607
1365, 1610
1366, 1610
1367, 1608
1368, 1610
1369, 1607
1370, 1610
1371, 1611
1372, 1613
1373, 1612
1374, 1612
1375, 1615
1376, 1610
1377, 1610
1378, 1608
1379, 1617
1380, 1612
1381, 1613
1382, 1614
1383, 1616
1384, 1617
1385, 1617
1386, 1615
1387, 1615
1388, 1619
1389, 1618
1390, 1618
1391, 1618
1392, 1624
1393, 1621
1394, 1621
1395, 1622
1396, 1622
1397, 1625
1398, 1625
1399, 1625
1400, 1625
1401, 1626
1402, 1631
1403, 1632
1404, 1632
1405, 1629
1406, 1630
1407, 1631
1408, 1630
1409, 1631
1410, 1631
1411, 1633
1412, 1634
1413, 1640
1414, 1638
1415, 1636
1416, 1640
1417, 1641
1418, 1640
1419, 1646
1420, 1638
1421, 1639
1422, 1644
1423, 1644
1424, 1650
1425, 1651
1426, 1643
1427, 1649
1428, 1651
1429, 1653
1430, 1650
1431, 1651
1432, 1657
1433, 1659
1434, 1661
1435, 1654
1436, 1655
1437, 1658
1438, 1669
1439, 1669
1440, 1665
1441, 1668
1442, 1668
1443, 1670
1444, 1671
1445, 1670
1446, 1671
1447, 1674
1448, 1676
1449, 1676
1450, 1676
1451, 1678
1452, 1680
1453, 1683
1454, 1689
1455, 1690
1456, 1688
1457, 1698
1458, 1698
1459, 1695
1460, 1696
1461, 1696
1462, 1695
1463, 1695
1464, 1699
1465, 1707
1466, 1708
1467, 1706
1468, 1723
1469, 1723
1470, 1733
1471, 1735
1472, 1751
1473, 1756
1474, 1757
1475, 1792
1476, 1816
1477, 1817
1478, 1846
1479, 1847
